1
526.000000,58.000000,18.000000,18.000000
525.000000,65.000000,18.000000,18.000000
521.000000,83.000000,18.000000,18.000000
522.000000,93.000000,19.000000,19.000000
520.000000,106.000000,18.000000,18.000000
516.000000,120.000000,18.000000,18.000000
518.000000,129.000000,18.000000,18.000000
511.000000,142.000000,17.000000,17.000000
510.000000,156.000000,17.000000,17.000000
521.000000,167.000000,17.000000,17.000000
530.000000,173.000000,16.000000,16.000000
539.000000,181.000000,17.000000,17.000000
547.000000,188.000000,17.000000,17.000000
553.000000,186.000000,17.000000,17.000000
2
0
0
0
0
1
609.000000,264.000000,14.000000,14.000000
612.000000,267.000000,13.000000,13.000000
616.000000,265.000000,13.000000,13.000000
620.000000,266.000000,13.000000,13.000000
623.000000,265.000000,13.000000,13.000000
627.000000,268.000000,13.000000,13.000000
630.000000,268.000000,13.000000,13.000000
633.000000,271.000000,13.000000,13.000000
631.000000,270.000000,13.000000,13.000000
637.000000,271.000000,13.000000,13.000000
640.000000,273.000000,13.000000,13.000000
641.000000,268.000000,13.000000,13.000000
644.000000,269.000000,13.000000,13.000000
642.000000,269.000000,13.000000,13.000000
645.000000,273.000000,13.000000,13.000000
643.000000,274.000000,13.000000,13.000000
646.000000,277.000000,13.000000,13.000000
652.000000,280.000000,12.000000,12.000000
651.000000,278.000000,12.000000,12.000000
654.000000,279.000000,12.000000,12.000000
