0.00090858
0.00090858
0.00090858
0.00090858
0.00090858
0.00090858
0.00090858
0.00090858
0.00090858
0.00090858
0.00090858
0.00090858
0.00090858
0.00090858
0.00090858
0.00090858
0.00090858
0.00090858
0.00090858
0.00090858
0.00090858
0.00090858
0.00090858
0.00090858
0.00090858
0.00090858
0.00090858
0.00090858
0.00090858
0.00090858
0.00090858
0.00090858
0.00090858
0.00090858
0.00090858
0.00090858
0.00090858
0.00090858
0.00090858
0.00090858
0.00090858
0.00090858
0.00090858
0.00090858
0.00090858
0.00090858
0.00090858
0.00090858
0.00090858
0.00090858
0.00090858
0.00090858
0.00090858
0.00090858
0.00090858
0.00090858
0.00090858
0.00090858
0.00090858
0.00090858
0.00090858
0.00090858
0.00090858
