1
235.000000,163.000000,34.000000,65.000000
236.000000,166.000000,34.000000,65.000000
231.000000,165.000000,34.000000,65.000000
233.000000,171.000000,34.000000,64.000000
234.000000,176.000000,33.000000,64.000000
231.000000,186.000000,33.000000,63.000000
221.000000,192.000000,32.000000,61.000000
235.000000,208.000000,32.000000,61.000000
251.000000,233.000000,31.000000,59.000000
269.000000,269.000000,30.000000,57.000000
265.000000,287.000000,29.000000,56.000000
248.000000,289.000000,28.000000,54.000000
238.000000,292.000000,29.000000,56.000000
208.000000,310.000000,30.000000,58.000000
172.000000,305.000000,30.000000,57.000000
148.000000,298.000000,30.000000,58.000000
131.000000,289.000000,30.000000,58.000000
119.000000,286.000000,31.000000,60.000000
100.000000,283.000000,32.000000,61.000000
83.000000,278.000000,31.000000,59.000000
64.000000,272.000000,30.000000,58.000000
67.000000,269.000000,31.000000,59.000000
69.000000,292.000000,31.000000,59.000000
65.000000,246.000000,32.000000,61.000000
62.000000,227.000000,33.000000,62.000000
110.000000,236.000000,33.000000,63.000000
2
0
0
0
0
1
250.000000,275.000000,58.000000,47.000000
254.000000,277.000000,58.000000,47.000000
268.000000,282.000000,58.000000,47.000000
275.000000,284.000000,58.000000,47.000000
291.000000,288.000000,58.000000,47.000000
312.000000,295.000000,58.000000,47.000000
331.000000,299.000000,56.000000,46.000000
342.000000,307.000000,56.000000,45.000000
342.000000,310.000000,57.000000,47.000000
337.000000,313.000000,58.000000,47.000000
356.000000,321.000000,58.000000,47.000000
381.000000,339.000000,60.000000,48.000000
374.000000,336.000000,62.000000,50.000000
369.000000,326.000000,63.000000,51.000000
380.000000,331.000000,65.000000,53.000000
400.000000,339.000000,65.000000,53.000000
416.000000,342.000000,67.000000,55.000000
428.000000,343.000000,69.000000,56.000000
441.000000,360.000000,69.000000,56.000000
444.000000,362.000000,71.000000,57.000000
418.000000,353.000000,69.000000,56.000000
393.000000,333.000000,71.000000,58.000000
383.000000,310.000000,69.000000,56.000000
372.000000,298.000000,68.000000,55.000000
364.000000,286.000000,66.000000,53.000000
345.000000,281.000000,65.000000,52.000000
330.000000,274.000000,63.000000,51.000000
313.000000,271.000000,61.000000,49.000000
294.000000,267.000000,62.000000,50.000000
289.000000,259.000000,60.000000,49.000000
273.000000,249.000000,60.000000,49.000000
252.000000,235.000000,60.000000,48.000000
237.000000,221.000000,62.000000,50.000000
222.000000,211.000000,63.000000,51.000000
203.000000,204.000000,65.000000,53.000000
176.000000,189.000000,66.000000,53.000000
155.000000,176.000000,68.000000,55.000000
134.000000,169.000000,68.000000,55.000000
127.000000,163.000000,69.000000,56.000000
118.000000,148.000000,71.000000,57.000000
110.000000,143.000000,69.000000,56.000000
100.000000,151.000000,71.000000,57.000000
111.000000,169.000000,71.000000,57.000000
127.000000,197.000000,73.000000,59.000000
128.000000,195.000000,71.000000,57.000000
125.000000,179.000000,71.000000,58.000000
122.000000,179.000000,74.000000,60.000000
121.000000,192.000000,76.000000,61.000000
124.000000,212.000000,75.000000,61.000000
139.000000,227.000000,77.000000,62.000000
170.000000,238.000000,75.000000,61.000000
203.000000,246.000000,73.000000,59.000000
2
0
0
0
0
1
151.000000,77.000000,41.000000,66.000000
148.000000,68.000000,42.000000,67.000000
156.000000,72.000000,42.000000,69.000000
162.000000,76.000000,42.000000,69.000000
163.000000,77.000000,42.000000,67.000000
164.000000,78.000000,42.000000,67.000000
174.000000,78.000000,42.000000,67.000000
192.000000,81.000000,41.000000,66.000000
200.000000,77.000000,40.000000,64.000000
195.000000,74.000000,38.000000,62.000000
189.000000,71.000000,38.000000,62.000000
182.000000,73.000000,38.000000,61.000000
179.000000,71.000000,37.000000,59.000000
162.000000,75.000000,37.000000,59.000000
143.000000,78.000000,37.000000,60.000000
132.000000,86.000000,37.000000,60.000000
128.000000,93.000000,38.000000,62.000000
119.000000,106.000000,39.000000,63.000000
110.000000,115.000000,40.000000,65.000000
104.000000,114.000000,41.000000,67.000000
101.000000,114.000000,42.000000,69.000000
104.000000,128.000000,43.000000,70.000000
103.000000,133.000000,45.000000,72.000000
104.000000,136.000000,46.000000,74.000000
113.000000,135.000000,45.000000,73.000000
121.000000,126.000000,45.000000,72.000000
117.000000,119.000000,45.000000,72.000000
111.000000,114.000000,44.000000,71.000000
108.000000,102.000000,42.000000,69.000000
