1
236.000000,163.000000,35.000000,66.000000
236.000000,166.000000,35.000000,66.000000
232.000000,165.000000,35.000000,66.000000
234.000000,171.000000,34.000000,66.000000
234.000000,175.000000,34.000000,66.000000
232.000000,185.000000,34.000000,65.000000
223.000000,190.000000,34.000000,65.000000
250.000000,208.000000,33.000000,64.000000
252.000000,234.000000,33.000000,63.000000
267.000000,266.000000,33.000000,64.000000
268.000000,286.000000,34.000000,65.000000
249.000000,289.000000,33.000000,63.000000
237.000000,290.000000,33.000000,62.000000
208.000000,304.000000,33.000000,63.000000
186.000000,294.000000,32.000000,61.000000
165.000000,297.000000,31.000000,59.000000
150.000000,280.000000,31.000000,60.000000
125.000000,282.000000,32.000000,60.000000
120.000000,291.000000,31.000000,60.000000
109.000000,300.000000,31.000000,59.000000
106.000000,289.000000,31.000000,58.000000
91.000000,305.000000,30.000000,58.000000
2
0
0
0
0
1
225.000000,267.000000,53.000000,46.000000
232.000000,271.000000,51.000000,45.000000
243.000000,265.000000,52.000000,45.000000
250.000000,266.000000,52.000000,45.000000
255.000000,273.000000,54.000000,47.000000
259.000000,274.000000,53.000000,46.000000
274.000000,280.000000,53.000000,46.000000
281.000000,282.000000,53.000000,46.000000
297.000000,285.000000,53.000000,46.000000
317.000000,292.000000,54.000000,47.000000
337.000000,296.000000,53.000000,46.000000
346.000000,304.000000,53.000000,46.000000
348.000000,307.000000,53.000000,46.000000
342.000000,309.000000,53.000000,46.000000
361.000000,317.000000,54.000000,47.000000
386.000000,334.000000,54.000000,47.000000
379.000000,331.000000,55.000000,48.000000
376.000000,322.000000,56.000000,49.000000
388.000000,328.000000,57.000000,49.000000
407.000000,335.000000,58.000000,50.000000
423.000000,338.000000,58.000000,51.000000
436.000000,338.000000,59.000000,51.000000
449.000000,355.000000,60.000000,52.000000
452.000000,357.000000,60.000000,53.000000
425.000000,347.000000,60.000000,52.000000
404.000000,328.000000,60.000000,52.000000
391.000000,306.000000,60.000000,52.000000
379.000000,294.000000,60.000000,52.000000
371.000000,284.000000,59.000000,52.000000
350.000000,278.000000,59.000000,51.000000
334.000000,271.000000,58.000000,50.000000
317.000000,268.000000,57.000000,49.000000
300.000000,263.000000,56.000000,49.000000
293.000000,255.000000,56.000000,49.000000
276.000000,244.000000,56.000000,49.000000
255.000000,230.000000,56.000000,49.000000
242.000000,217.000000,56.000000,49.000000
228.000000,207.000000,56.000000,49.000000
211.000000,200.000000,57.000000,49.000000
185.000000,186.000000,57.000000,49.000000
164.000000,172.000000,57.000000,50.000000
144.000000,165.000000,58.000000,50.000000
137.000000,159.000000,58.000000,50.000000
129.000000,142.000000,57.000000,50.000000
120.000000,138.000000,58.000000,51.000000
113.000000,146.000000,58.000000,51.000000
124.000000,164.000000,58.000000,51.000000
140.000000,190.000000,59.000000,51.000000
140.000000,190.000000,60.000000,52.000000
138.000000,173.000000,60.000000,53.000000
133.000000,173.000000,61.000000,53.000000
135.000000,188.000000,62.000000,54.000000
138.000000,208.000000,62.000000,54.000000
154.000000,223.000000,62.000000,54.000000
186.000000,233.000000,62.000000,54.000000
220.000000,244.000000,61.000000,53.000000
2
0
0
0
0
1
152.000000,75.000000,42.000000,69.000000
147.000000,67.000000,41.000000,67.000000
155.000000,73.000000,41.000000,66.000000
163.000000,77.000000,41.000000,67.000000
163.000000,76.000000,41.000000,66.000000
164.000000,79.000000,41.000000,67.000000
173.000000,79.000000,41.000000,66.000000
191.000000,82.000000,40.000000,66.000000
198.000000,77.000000,40.000000,65.000000
193.000000,73.000000,39.000000,63.000000
188.000000,71.000000,38.000000,62.000000
180.000000,74.000000,37.000000,60.000000
178.000000,73.000000,37.000000,59.000000
160.000000,75.000000,36.000000,59.000000
142.000000,79.000000,36.000000,59.000000
130.000000,87.000000,37.000000,60.000000
127.000000,94.000000,37.000000,60.000000
117.000000,107.000000,38.000000,61.000000
109.000000,115.000000,39.000000,63.000000
102.000000,114.000000,40.000000,65.000000
100.000000,114.000000,41.000000,67.000000
103.000000,129.000000,42.000000,68.000000
102.000000,134.000000,42.000000,69.000000
103.000000,138.000000,43.000000,70.000000
113.000000,136.000000,43.000000,70.000000
120.000000,127.000000,43.000000,70.000000
115.000000,120.000000,43.000000,69.000000
109.000000,115.000000,43.000000,69.000000
106.000000,102.000000,42.000000,69.000000
