0.013687
0.013687
0.013687
0.013687
0.013687
0.013687
0.013687
0.013687
0.013687
0.013687
0.013687
0.013687
0.013687
0.013687
0.013687
0.013687
0.013687
0.013687
0.013687
0.013687
0.013687
0.013687
0.013687
0.013687
0.013687
0.013687
0.013687
0.013687
0.013687
0.013687
0.013687
0.013687
0.013687
0.013687
0.013687
0.013687
0.013687
0.013687
0.013687
0.013687
0.013687
0.013687
0.013687
0.013687
0.013687
0.013687
0.013687
0.013687
0.013687
0.013687
0.013687
0.013687
0.013687
0.013687
0.013687
0.013687
0.013687
0.013687
0.013687
0.013687
0.013687
0.013687
0.013687
