1
509.000000,199.000000,56.000000,31.000000
504.000000,199.000000,55.000000,30.000000
489.000000,201.000000,53.000000,29.000000
473.000000,204.000000,53.000000,29.000000
467.000000,205.000000,52.000000,28.000000
455.000000,207.000000,52.000000,28.000000
456.000000,191.000000,51.000000,28.000000
449.000000,191.000000,51.000000,28.000000
419.000000,199.000000,52.000000,29.000000
433.000000,206.000000,53.000000,29.000000
428.000000,207.000000,53.000000,29.000000
388.000000,206.000000,55.000000,30.000000
390.000000,188.000000,56.000000,31.000000
386.000000,189.000000,56.000000,30.000000
371.000000,186.000000,56.000000,31.000000
358.000000,184.000000,56.000000,31.000000
352.000000,181.000000,56.000000,31.000000
319.000000,185.000000,57.000000,31.000000
327.000000,169.000000,56.000000,30.000000
318.000000,167.000000,57.000000,31.000000
308.000000,165.000000,57.000000,31.000000
276.000000,159.000000,57.000000,31.000000
248.000000,160.000000,55.000000,30.000000
262.000000,165.000000,55.000000,30.000000
250.000000,169.000000,56.000000,31.000000
246.000000,167.000000,57.000000,31.000000
2
0
0
0
0
1
182.000000,165.000000,54.000000,32.000000
170.000000,165.000000,55.000000,32.000000
165.000000,154.000000,53.000000,31.000000
159.000000,142.000000,52.000000,31.000000
134.000000,149.000000,53.000000,31.000000
138.000000,142.000000,53.000000,31.000000
137.000000,174.000000,52.000000,31.000000
151.000000,157.000000,51.000000,30.000000
141.000000,167.000000,50.000000,30.000000
140.000000,170.000000,49.000000,29.000000
101.000000,178.000000,49.000000,29.000000
103.000000,179.000000,49.000000,29.000000
103.000000,195.000000,49.000000,29.000000
2
0
0
0
0
1
158.000000,171.000000,34.000000,34.000000
159.000000,171.000000,33.000000,33.000000
162.000000,172.000000,33.000000,33.000000
166.000000,173.000000,33.000000,33.000000
168.000000,173.000000,34.000000,34.000000
168.000000,171.000000,34.000000,34.000000
170.000000,171.000000,35.000000,35.000000
170.000000,170.000000,36.000000,36.000000
159.000000,158.000000,35.000000,35.000000
165.000000,159.000000,34.000000,34.000000
141.000000,156.000000,33.000000,33.000000
2
0
0
0
0
1
194.000000,187.000000,34.000000,36.000000
198.000000,190.000000,34.000000,36.000000
199.000000,192.000000,35.000000,37.000000
204.000000,198.000000,34.000000,36.000000
208.000000,201.000000,33.000000,35.000000
211.000000,203.000000,33.000000,35.000000
215.000000,205.000000,32.000000,34.000000
220.000000,208.000000,31.000000,33.000000
221.000000,208.000000,32.000000,34.000000
221.000000,210.000000,31.000000,33.000000
229.000000,215.000000,32.000000,34.000000
229.000000,215.000000,32.000000,34.000000
233.000000,218.000000,32.000000,34.000000
238.000000,214.000000,32.000000,34.000000
240.000000,216.000000,32.000000,34.000000
249.000000,229.000000,32.000000,34.000000
250.000000,227.000000,33.000000,35.000000
252.000000,229.000000,32.000000,34.000000
257.000000,231.000000,31.000000,33.000000
263.000000,236.000000,31.000000,33.000000
267.000000,241.000000,30.000000,32.000000
275.000000,243.000000,31.000000,33.000000
280.000000,236.000000,30.000000,32.000000
281.000000,239.000000,30.000000,32.000000
286.000000,241.000000,30.000000,32.000000
294.000000,242.000000,30.000000,31.000000
298.000000,243.000000,30.000000,32.000000
2
0
0
0
0
1
264.000000,258.000000,52.000000,33.000000
264.000000,262.000000,51.000000,32.000000
263.000000,266.000000,49.000000,31.000000
264.000000,268.000000,48.000000,30.000000
263.000000,272.000000,48.000000,30.000000
265.000000,274.000000,48.000000,30.000000
266.000000,275.000000,47.000000,29.000000
273.000000,279.000000,46.000000,28.000000
277.000000,282.000000,46.000000,29.000000
276.000000,283.000000,45.000000,28.000000
280.000000,289.000000,46.000000,29.000000
293.000000,295.000000,45.000000,28.000000
287.000000,298.000000,45.000000,28.000000
292.000000,302.000000,44.000000,27.000000
286.000000,296.000000,43.000000,27.000000
283.000000,295.000000,42.000000,26.000000
282.000000,296.000000,43.000000,27.000000
276.000000,296.000000,43.000000,27.000000
277.000000,297.000000,42.000000,26.000000
278.000000,301.000000,43.000000,27.000000
269.000000,300.000000,44.000000,27.000000
266.000000,300.000000,43.000000,27.000000
264.000000,300.000000,43.000000,27.000000
263.000000,305.000000,44.000000,27.000000
264.000000,308.000000,43.000000,27.000000
266.000000,315.000000,43.000000,27.000000
252.000000,308.000000,44.000000,27.000000
250.000000,309.000000,43.000000,27.000000
248.000000,312.000000,43.000000,27.000000
248.000000,315.000000,44.000000,27.000000
249.000000,317.000000,43.000000,27.000000
246.000000,318.000000,41.000000,26.000000
245.000000,321.000000,42.000000,26.000000
243.000000,323.000000,43.000000,27.000000
249.000000,326.000000,42.000000,26.000000
250.000000,331.000000,43.000000,27.000000
249.000000,335.000000,43.000000,27.000000
246.000000,344.000000,42.000000,26.000000
243.000000,348.000000,43.000000,27.000000
242.000000,351.000000,43.000000,27.000000
237.000000,354.000000,42.000000,26.000000
247.000000,353.000000,43.000000,27.000000
242.000000,356.000000,43.000000,27.000000
245.000000,363.000000,44.000000,27.000000
244.000000,362.000000,45.000000,28.000000
234.000000,357.000000,45.000000,28.000000
239.000000,358.000000,44.000000,28.000000
238.000000,353.000000,44.000000,27.000000
240.000000,351.000000,45.000000,28.000000
251.000000,356.000000,44.000000,28.000000
246.000000,356.000000,46.000000,28.000000
249.000000,353.000000,47.000000,29.000000
237.000000,351.000000,47.000000,29.000000
232.000000,349.000000,47.000000,29.000000
233.000000,350.000000,46.000000,28.000000
233.000000,348.000000,46.000000,29.000000
