198,214,34,81
198,217,32,84
196,214,33,81
195,219,34,81
194,218,37,73
190,222,38,79
189,222,39,78
186,229,38,84
187,227,38,81
184,230,33,88
188,228,41,84
196,234,41,92
191,236,38,91
209,218,37,91
225,202,34,87
221,204,38,84
218,205,38,88
220,205,38,83
213,202,40,83
210,218,41,83
208,222,38,85
211,230,37,85
216,220,39,89
219,220,33,83
213,224,40,83
223,244,33,84
222,242,35,86
227,238,35,89
237,231,37,85
239,232,35,92
246,231,35,89
249,228,35,94
257,226,36,93
259,226,40,96
260,223,37,90
268,224,41,91
271,225,38,92
273,222,35,89
272,227,41,91
281,232,40,93
285,232,37,90
290,230,38,93
291,231,43,94
292,229,36,91
297,228,36,91
294,229,41,90
293,229,41,85
292,225,38,93
294,225,43,94
289,227,41,91
289,227,43,95
287,223,42,95
284,228,43,95
285,226,35,91
284,221,40,91
283,220,34,94
284,225,37,92
284,227,37,91
281,229,39,89
278,239,38,83
275,238,42,87
271,239,48,83
268,242,42,87
260,243,45,83
259,242,39,80
255,244,39,84
250,248,42,83
248,247,38,82
243,249,34,83
241,248,37,86
237,244,38,79
226,243,39,83
221,242,39,84
212,246,35,74
206,241,37,77
199,242,38,78
188,243,32,73
186,247,39,77
182,245,35,75
177,250,35,75
167,247,31,78
159,242,40,84
154,240,40,83
150,240,39,82
145,236,36,81
141,230,35,83
141,230,32,88
137,231,37,87
131,235,33,83
131,237,35,82
125,231,37,82
124,237,39,84
121,238,38,85
113,241,35,78
111,230,36,77
111,225,36,84
112,225,36,80
116,221,38,84
117,218,41,90
119,215,36,80
120,214,31,85
122,209,34,89
123,203,35,86
121,202,35,94
124,201,37,93
127,195,32,89
131,191,31,87
130,192,35,92
137,200,35,94
141,199,31,93
141,196,36,88
146,195,35,95
148,197,38,91
152,193,41,87
152,192,36,91
154,189,37,86
158,186,37,88
162,185,35,93
166,187,35,94
170,185,34,90
177,188,35,89
182,188,35,94
184,185,31,88
188,179,33,91
192,173,34,89
194,178,32,93
197,174,36,90
200,169,37,96
203,173,34,94
205,175,33,94
207,174,26,83
210,176,29,89
213,177,35,94
211,175,35,89
214,171,38,92
213,178,38,90
214,170,37,91
215,171,32,91
217,172,37,88
217,175,34,82
217,172,35,83
220,169,41,86
225,164,37,91
226,163,35,94
228,163,32,98
230,156,36,96
231,158,33,91
231,156,35,94
237,157,31,84
235,156,33,87
235,163,31,82
240,167,36,86
240,173,36,85
238,176,35,84
243,173,38,80
245,166,36,90
248,167,35,88
247,168,37,87
251,168,40,84
253,168,32,79
255,162,38,82
256,164,30,83
257,163,32,81
258,161,31,85
261,163,31,88
266,157,34,86
266,154,36,88
271,154,32,84
273,151,36,79
274,152,30,85
277,157,35,81
279,170,32,77
280,181,31,74
276,185,27,70
280,181,30,74
277,181,29,78
285,159,32,87
286,150,39,87
283,151,37,90
280,158,34,84
280,158,37,80
280,152,32,87
284,146,33,94
286,142,39,89
287,139,35,93
287,139,31,91
288,137,30,88
286,139,35,86
285,142,31,84
289,143,31,84
287,146,32,88
288,150,27,87
290,156,25,87
288,156,29,83
288,159,29,86
289,158,30,85
289,159,26,79
288,162,27,86
286,158,27,83
288,165,28,78
287,156,29,84
289,157,28,78
288,161,25,82
289,160,31,79
290,160,31,76
289,158,32,80
291,161,29,79
291,164,32,84
290,165,31,83
291,167,30,82
289,168,31,82
287,168,29,86
290,168,31,87
286,171,27,86
285,167,31,81
287,169,28,80
286,168,29,84
283,166,32,84
282,165,27,79
283,170,32,82
282,173,26,79
282,173,26,79
282,177,25,81
283,179,29,81
279,175,32,88
279,177,26,88
279,179,27,84
276,180,28,90
275,180,26,85
272,182,31,85
272,181,28,87
269,180,26,82
266,179,28,84
263,179,26,79
260,179,31,86
260,183,27,82
259,184,31,79
256,185,27,79
256,189,27,84
254,192,32,81
253,191,32,82
250,190,28,88
245,187,31,91
241,187,29,96
240,189,31,95
238,189,34,90
236,187,30,95
233,190,35,92
230,184,32,100
230,185,34,97
226,181,32,98
224,179,39,95
222,180,34,94
218,179,32,98
219,182,35,97
216,185,33,97
214,184,33,97
211,187,39,92
212,187,37,93
210,188,39,97
205,188,40,100
202,189,38,97
203,190,35,100
198,189,41,96
201,184,41,105
198,187,39,100
196,183,35,97
195,184,39,97
197,183,38,100
197,185,35,97
193,182,38,94
194,181,40,96
195,183,38,91
194,185,37,99
193,188,36,94
191,183,36,99
195,183,34,105
194,184,34,100
192,182,38,102
190,181,43,100
189,183,44,107
189,180,39,101
188,185,39,94
189,184,39,95
189,182,43,102
189,185,42,97
190,187,45,105
190,189,37,99
193,188,40,101
192,186,36,105
193,184,39,106
195,177,40,109
193,177,41,103
194,177,40,107
192,181,43,107
191,183,40,108
189,183,41,107
188,187,36,104
186,185,43,111
184,189,37,110
181,189,38,111
179,195,44,105
176,198,37,113
173,198,40,109
171,203,41,105
168,204,40,107
166,202,36,108
165,201,36,106
165,201,40,106
160,204,38,105
160,209,39,94
157,211,30,101
156,212,32,100
154,214,30,103
153,214,33,101
148,218,29,98
146,220,30,92
143,221,35,97
141,224,30,93
136,234,37,89
138,227,35,98
137,219,37,99
133,216,37,102
134,212,38,110
132,215,38,107
133,208,37,105
131,215,40,104
133,207,36,114
135,208,35,108
133,205,39,114
135,204,33,113
134,209,40,108
138,203,38,112
135,206,35,109
137,212,39,102
139,208,39,108
140,210,36,106
143,212,33,106
142,210,32,109
142,207,36,108
146,208,34,107
147,208,39,109
147,211,32,102
147,206,33,107
148,212,30,103
150,218,37,102
151,216,33,101
149,214,30,107
147,217,35,102
149,219,37,107
147,217,36,104
148,219,35,105
147,220,30,102
148,221,33,100
147,221,28,102
145,218,33,102
144,216,30,103
144,215,33,105
145,215,28,101
143,215,29,100
144,215,35,97
144,214,29,101
141,217,32,98
141,218,29,98
143,223,33,97
142,223,29,96
143,220,28,99
147,221,34,97
146,217,31,98
149,213,32,100
147,218,31,97
150,219,30,101
150,218,32,98
147,222,33,96
149,222,29,96
152,224,30,94
150,221,28,96
151,223,31,94
152,224,29,99
151,227,27,92
151,226,28,92
152,225,31,97
156,227,30,94
155,229,27,93
154,233,34,90
157,235,27,93
156,234,31,89
157,234,29,94
158,233,30,91
157,236,32,88
158,233,35,88
157,235,29,89
155,234,31,94
155,234,30,90
155,233,35,97
159,235,29,92
156,234,30,94
158,237,32,89
158,235,36,96
158,233,30,97
157,231,31,94
158,229,35,96
155,229,33,100
159,227,31,97
160,229,31,95
160,224,36,100
160,221,36,93
158,224,34,96
162,224,32,92
163,224,34,93
161,226,33,92
161,226,33,96
166,224,35,99
163,225,37,97
167,226,38,100
165,225,34,103
169,221,32,101
168,223,38,106
168,222,36,105
169,226,31,102
170,222,36,104
170,227,37,106
170,222,37,101
169,221,36,109
171,223,32,106
173,221,32,104
174,222,37,102
173,223,36,101
173,225,37,106
173,223,32,108
176,228,32,100
179,229,31,98
182,228,33,103
182,227,33,103
184,229,34,95
188,227,28,97
192,227,26,101
190,228,31,98
194,226,31,97
194,223,33,97
197,222,26,101
201,222,28,96
202,223,32,101
204,218,34,99
201,223,34,96
206,224,36,96
208,218,30,99
209,219,37,102
210,220,35,97
214,217,34,99
213,217,33,98
215,212,34,108
217,215,35,104
219,216,38,102
224,216,37,106
226,217,36,101
230,216,36,104
232,220,37,97
233,219,36,102
239,223,40,97
242,223,37,97
248,224,36,102
255,221,35,100
260,224,36,104
268,225,39,98
273,226,39,96
280,224,40,97
284,227,38,99
287,227,39,95
292,235,39,92
299,231,29,92
306,222,38,98
309,208,34,102
321,219,37,92
328,221,35,95
334,221,35,99
338,223,34,96
343,225,35,97
354,223,37,91
361,230,38,91
367,227,37,102
379,222,39,97
385,220,39,96
389,219,37,97
397,227,38,93
404,227,35,91
410,240,35,85
417,237,37,92
419,235,35,89
424,230,34,89
424,222,31,95
425,217,34,102
424,211,27,101
424,210,36,105
420,203,34,101
417,199,30,103
417,201,32,100
413,199,37,96
410,195,35,103
407,192,35,94
403,191,36,98
401,190,30,98
396,186,31,105
392,183,31,104
389,179,38,100
385,178,34,98
380,182,37,102
378,182,32,99
376,176,40,102
372,181,40,97
367,180,37,102
365,181,40,103
366,178,41,103
361,183,37,100
364,181,39,100
361,183,36,97
361,184,34,93
361,182,37,93
361,176,36,90
359,174,30,97
360,169,35,90
358,170,31,95
355,172,29,92
357,172,27,93
356,169,32,100
355,171,29,99
355,173,33,98
353,173,33,94
353,176,28,94
355,175,31,90
351,177,28,93
351,178,30,86
352,180,26,88
350,178,33,83
347,176,28,83
348,174,29,87
348,178,32,88
347,177,34,91
343,181,28,88
343,184,30,83
342,183,30,81
340,186,29,81
342,187,33,77
339,187,36,82
341,187,28,83
341,185,32,79
341,187,36,80
340,191,31,84
338,187,34,79
335,187,34,80
334,186,32,88
330,186,32,88
329,184,33,92
329,181,28,90
330,181,29,92
328,181,27,85
327,180,33,85
322,178,34,85
320,177,34,88
321,178,31,88
321,177,31,87
317,181,37,88
318,181,33,82
316,179,31,87
316,181,35,91
313,183,35,85
308,186,27,82
306,186,27,81
305,185,26,87
301,183,29,86
299,186,25,83
299,184,26,83
300,180,24,79
298,180,26,87
297,175,26,83
299,172,28,87
296,175,31,89
298,174,30,89
296,173,28,91
299,174,31,88
297,178,32,86
298,179,35,86
300,177,31,90
304,174,29,95
299,173,33,89
299,175,34,93
298,175,31,86
294,180,34,88
293,178,32,88
295,173,25,85
293,173,25,88
292,171,24,85
292,171,25,84
293,167,29,91
294,166,27,92
298,168,27,90
297,163,32,89
297,163,38,90
302,162,32,90
303,164,32,91
304,163,35,98
307,159,31,99
308,158,39,96
310,158,39,98
310,157,36,92
314,157,38,91
314,160,32,95
319,158,35,98
320,158,33,93
322,161,33,93
324,162,32,96
326,159,31,99
330,156,36,98
334,157,39,100
333,155,35,103
334,156,33,98
335,153,35,96
336,152,31,98
338,152,30,103
338,148,36,101
339,149,31,97
338,148,34,89
337,143,36,92
335,140,35,93
335,135,32,92
337,133,30,94
339,133,30,94
337,131,29,98
339,134,31,97
337,137,23,91
337,137,25,97
339,138,26,98
336,136,29,100
335,139,29,95
336,155,24,91
336,159,33,91
336,163,29,92
335,163,29,85
335,166,33,83
337,167,32,91
335,162,32,93
339,162,26,92
337,165,33,93
338,163,29,89
336,164,36,84
337,170,30,85
339,166,34,84
337,168,32,90
337,167,29,93
336,179,31,86
340,181,33,91
338,180,33,87
343,187,31,90
341,186,31,85
345,189,30,85
344,196,27,88
340,196,24,90
339,188,26,83
347,203,24,90
337,195,33,82
342,210,29,87
348,213,25,81
348,205,26,88
348,218,30,80
351,220,29,79
348,219,28,82
350,219,32,85
351,222,33,75
348,220,32,79
349,219,28,77
347,225,28,75
350,223,31,80
348,225,32,81
351,227,29,83
354,226,29,81
352,226,24,79
352,222,24,82
358,219,24,77
356,211,25,84
355,213,29,89
354,211,30,83
358,214,24,80
356,213,26,83
357,207,25,89
357,209,30,84
355,209,27,87
356,208,32,86
354,204,31,92
354,205,28,96
357,207,31,94
356,206,26,84
356,210,26,85
354,211,25,82
351,216,26,81
353,211,28,87
352,213,28,83
348,212,32,89
350,212,33,89
350,212,30,85
348,213,29,88
350,210,31,89
348,208,34,89
346,208,32,92
349,205,33,92
347,209,29,91
347,206,27,94
345,208,29,88
347,206,35,94
345,206,34,89
348,207,34,88
347,207,29,85
345,210,33,82
346,213,26,88
348,212,32,83
345,211,25,87
344,211,30,84
344,210,27,82
340,208,28,78
339,209,30,82
334,207,30,82
332,209,27,84
332,203,29,87
329,196,36,90
326,195,34,91
322,186,34,86
