450,91,31,37
446,97,35,37
443,103,31,37
435,103,32,37
430,107,34,34
427,112,29,35
418,113,31,33
420,114,26,33
421,117,24,33
417,117,29,34
418,119,29,30
412,119,26,30
411,121,27,37
402,120,32,34
401,125,28,33
397,124,27,32
396,129,32,37
401,133,32,37
395,134,26,36
397,138,25,29
399,147,29,32
396,148,26,35
396,153,24,34
394,155,26,35
391,155,28,27
391,156,24,30
397,152,30,31
394,145,26,32
396,143,26,33
389,141,30,32
386,141,22,35
382,138,32,34
384,136,24,31
376,144,28,33
381,146,22,36
382,145,26,31
384,147,27,32
380,147,24,31
385,151,26,30
381,151,27,35
379,152,26,28
381,155,22,32
385,154,24,26
380,150,26,33
380,152,29,29
389,148,25,27
393,144,21,35
383,136,34,36
380,151,24,28
378,157,23,33
375,159,25,36
378,157,22,29
379,162,30,30
379,163,28,32
382,165,25,28
378,171,22,26
380,169,25,33
383,170,23,32
381,170,27,30
390,169,23,33
386,170,31,25
391,168,29,27
389,168,24,30
389,168,24,33
388,172,25,29
385,170,27,30
384,177,25,36
387,178,25,33
386,178,26,27
388,181,26,29
385,184,26,28
387,183,22,34
387,185,26,31
389,186,21,28
395,184,22,33
398,182,28,26
391,184,27,24
395,182,30,26
390,184,24,25
387,186,22,30
389,189,26,30
386,189,23,34
386,189,20,34
389,186,24,32
387,187,21,29
387,192,25,30
385,192,28,30
384,193,26,34
381,193,29,33
381,191,26,33
383,193,25,32
383,195,23,29
382,194,24,27
381,194,27,27
380,196,25,30
378,197,22,26
376,197,24,24
376,196,23,25
378,196,29,24
372,198,28,30
372,197,22,31
374,198,23,27
371,195,28,32
373,198,26,32
372,195,25,27
372,195,25,30
370,197,25,27
369,196,27,30
367,194,23,26
367,197,21,30
368,196,22,27
370,195,22,30
369,195,21,26
366,192,21,28
366,195,20,28
365,195,26,30
362,192,27,26
360,195,26,33
359,193,26,29
358,193,30,30
357,189,29,29
358,188,23,28
355,193,24,30
355,189,28,34
352,191,23,33
354,190,24,28
352,186,25,34
351,188,25,31
349,187,25,29
339,195,27,29
350,185,22,30
365,190,29,36
348,182,23,33
346,179,29,36
351,183,21,29
349,174,22,35
351,178,26,32
353,176,21,34
349,174,27,34
352,174,28,33
346,174,27,34
355,166,22,35
356,153,23,35
352,153,21,32
354,157,22,33
330,121,21,28
321,140,22,32
284,125,24,34
281,95,26,31
248,118,24,27
266,99,26,34
293,110,26,32
314,140,24,32
311,113,27,31
307,94,23,27
311,71,23,28
313,63,27,32
317,50,28,32
335,48,24,35
345,55,25,29
314,35,22,28
319,32,21,31
318,-11,28,30
322,-12,22,33
329,-11,21,30
322,-13,21,35
330,-11,27,34
323,-13,23,28
320,-11,24,33
316,-11,21,31
306,-14,25,28
297,-11,24,31
288,-13,27,34
276,-13,24,34
287,-11,28,35
292,-12,24,28
293,-13,27,28
295,-11,22,33
299,-10,26,31
287,-13,28,31
272,-12,28,29
276,-14,23,34
262,-11,24,28
254,-12,26,30
254,17,29,29
249,17,29,37
251,14,28,33
263,21,24,36
248,17,29,34
265,26,25,37
268,38,25,34
256,30,27,36
252,14,27,31
248,15,23,31
250,15,25,34
248,12,25,34
257,19,26,33
250,15,29,37
251,16,25,36
249,12,29,33
280,32,24,35
292,71,25,31
295,100,26,33
290,141,30,36
290,148,24,34
291,150,27,40
313,155,28,40
335,152,26,35
355,146,24,34
355,150,30,40
355,149,25,38
356,144,26,37
356,144,29,33
354,142,26,29
353,144,25,36
353,143,22,32
352,142,27,31
355,140,24,38
355,137,26,34
355,139,29,39
355,138,26,37
352,137,28,31
354,133,29,36
355,133,28,35
355,129,27,38
356,129,28,31
356,126,27,34
356,126,25,34
356,126,31,30
356,122,27,36
352,124,27,38
354,121,23,31
355,120,23,31
353,120,28,36
353,118,22,32
354,120,24,31
355,122,23,32
355,120,27,36
355,118,20,33
357,121,25,30
358,118,19,31
356,121,25,32
352,116,25,38
351,117,31,40
352,112,31,35
350,111,30,38
349,106,31,40
350,107,29,37
351,101,32,40
350,99,29,42
353,95,28,43
351,93,26,41
356,87,31,38
358,83,32,42
361,78,25,43
360,72,24,45
369,68,21,36
373,64,21,36
376,58,21,38
383,51,23,35
389,48,28,41
399,44,28,42
407,40,23,41
420,39,30,37
428,40,24,41
439,54,27,42
444,43,28,43
455,49,31,38
462,55,30,35
468,51,23,41
483,59,29,30
484,57,23,35
487,66,34,33
493,71,33,37
500,75,32,34
508,83,28,36
512,87,28,36
524,90,25,37
524,98,28,38
532,107,33,36
534,114,31,32
540,119,26,32
544,126,23,33
543,134,25,40
539,144,33,34
542,152,28,40
545,158,26,41
547,171,29,39
548,177,27,37
555,186,28,32
554,196,26,41
557,203,25,39
558,212,26,37
559,220,25,33
563,227,25,40
565,234,26,35
562,242,29,33
571,245,25,32
577,243,25,32
578,252,27,33
578,257,25,40
572,270,31,32
570,275,29,31
575,277,27,32
562,283,30,39
560,288,31,31
576,288,27,34
581,291,31,34
582,288,35,40
575,288,35,39
571,288,31,39
564,310,28,42
550,298,26,42
544,296,30,34
540,295,24,38
529,293,27,32
528,294,30,35
526,290,29,39
516,290,30,34
514,288,26,32
514,285,29,34
514,282,27,35
513,281,27,40
513,275,33,39
510,274,28,41
515,271,33,41
513,268,34,42
511,262,27,35
510,259,33,39
509,257,36,42
510,253,28,41
510,248,34,36
507,243,32,41
507,242,30,43
502,237,31,37
499,233,23,40
497,228,24,40
494,222,28,44
490,217,30,41
492,211,25,42
490,202,32,43
482,194,29,36
466,184,36,40
468,181,36,43
480,169,28,45
482,167,29,43
477,162,36,44
478,159,31,40
477,150,30,42
478,150,27,37
483,147,22,40
481,151,25,31
480,149,30,38
475,152,32,37
476,153,28,38
479,151,32,41
479,147,30,38
476,153,32,36
476,158,30,34
479,162,27,37
465,173,29,38
478,180,35,35
481,180,36,41
479,186,32,41
474,167,31,36
474,185,30,39
477,214,33,37
475,218,38,32
478,222,30,32
475,224,35,34
481,227,40,38
488,229,39,40
492,225,37,42
495,227,35,42
497,231,39,44
498,232,33,39
496,235,37,42
502,234,38,39
504,237,37,42
509,238,40,43
507,239,39,42
508,241,37,40
510,239,36,44
509,241,38,41
509,245,38,36
513,242,38,37
514,245,35,42
515,246,33,43
509,247,36,38
506,250,36,40
506,249,43,39
503,250,35,38
506,255,34,44
499,257,33,40
497,261,30,42
488,260,37,41
481,261,33,39
476,266,35,39
466,265,37,43
459,266,38,41
447,266,39,44
437,269,36,48
427,265,35,41
415,263,35,45
394,266,35,42
373,268,35,39
353,269,36,43
322,276,38,39
