228,236,80,64
228,235,82,64
232,238,84,61
234,246,79,69
233,252,79,67
229,258,80,60
229,246,77,70
231,232,78,65
228,227,81,66
231,241,75,64
224,261,74,69
223,266,80,64
229,249,72,69
235,226,79,71
234,219,82,66
236,234,83,65
241,242,89,61
256,231,75,71
253,217,79,64
230,212,93,63
210,218,86,62
185,230,78,71
192,238,92,68
226,247,92,63
233,252,90,60
210,246,92,69
187,239,97,70
166,237,94,63
165,239,87,62
180,243,94,65
203,234,83,73
204,220,81,66
193,220,88,64
192,227,87,66
202,224,88,67
214,220,85,66
211,217,90,64
209,221,79,68
211,245,82,66
215,269,84,68
214,272,84,70
206,261,88,64
191,262,91,67
184,269,87,67
183,278,84,67
197,276,87,66
208,280,91,67
215,285,87,63
221,278,79,68
224,260,80,68
234,242,85,73
244,239,85,65
263,253,86,67
256,256,91,62
231,252,92,66
208,239,88,70
200,235,86,67
205,237,87,67
212,246,89,70
225,250,94,64
241,238,81,71
235,223,90,67
232,223,88,62
237,224,94,62
257,218,92,63
274,213,90,63
285,221,83,73
282,236,81,75
262,251,91,70
256,245,85,73
266,231,82,67
269,224,84,70
274,224,85,67
280,208,82,69
265,185,85,69
238,174,99,69
212,172,97,66
203,169,90,63
206,172,93,67
220,164,86,70
223,157,86,63
232,168,84,71
232,186,80,70
226,200,82,73
217,207,91,67
207,205,94,64
190,194,91,69
186,184,83,74
198,167,87,69
222,170,83,73
244,202,80,71
253,233,77,74
242,248,88,65
237,240,84,69
228,223,86,69
224,211,86,70
225,213,88,72
228,214,92,71
241,210,84,74
242,198,86,71
227,193,93,65
220,203,87,75
220,222,87,68
248,227,96,64
290,216,86,75
280,207,96,65
254,208,89,68
230,219,97,71
218,221,88,69
216,207,83,74
215,194,83,73
221,197,87,76
219,210,90,74
246,218,102,69
284,220,97,72
294,215,91,68
272,205,91,68
235,187,86,71
214,170,94,75
137,178,92,70
140,186,96,69
161,188,90,69
168,185,92,69
173,181,94,73
193,176,92,70
209,176,89,75
215,190,88,73
217,200,90,71
224,200,90,72
229,192,89,73
233,190,88,69
232,198,93,73
232,207,96,72
249,205,102,74
276,219,92,77
285,244,84,76
281,264,89,82
277,279,89,77
279,285,88,69
278,278,88,74
281,266,86,75
281,254,84,76
280,228,84,75
286,196,87,78
278,196,87,77
271,223,87,76
258,270,86,76
251,298,86,82
254,296,87,75
240,260,83,79
226,257,93,71
220,261,88,68
225,249,87,77
224,233,86,75
223,231,93,69
231,232,93,71
240,219,84,78
237,197,80,79
227,169,85,77
224,165,90,76
233,179,90,73
243,188,91,66
246,189,87,70
234,187,99,71
209,190,95,74
190,183,87,75
187,174,88,72
208,157,87,77
222,139,84,77
213,123,85,74
211,123,82,78
212,139,82,74
215,148,93,77
228,143,91,76
236,146,84,68
234,149,81,74
235,168,78,76
232,198,85,78
214,215,88,72
210,210,82,79
211,195,79,78
205,157,83,74
189,113,82,72
186,106,85,72
200,127,78,73
211,149,84,74
229,156,98,66
247,159,84,73
248,152,83,72
242,142,86,65
249,154,82,76
248,161,90,69
238,165,88,66
235,174,78,74
233,187,85,68
239,185,84,69
242,183,91,67
252,176,79,78
252,162,85,65
250,173,79,70
240,213,79,72
247,259,80,73
256,272,92,69
266,277,87,65
259,261,82,69
245,246,85,68
249,253,80,69
262,268,84,73
269,272,80,67
268,258,78,72
256,248,83,69
248,242,79,69
252,235,86,70
272,217,75,73
273,192,79,66
265,189,84,72
265,208,75,73
268,232,80,70
261,232,83,66
249,218,81,69
231,210,89,69
229,225,81,69
233,256,81,67
239,276,92,68
249,253,79,69
233,218,84,74
227,210,84,69
249,219,98,67
283,221,94,64
299,204,84,69
272,179,92,68
231,171,96,68
198,184,89,65
180,193,87,69
183,180,81,75
183,164,83,71
195,159,100,72
233,157,97,69
259,153,88,67
260,155,85,71
239,158,97,68
214,158,90,63
202,168,85,76
195,185,79,77
183,204,82,72
164,206,89,68
144,190,81,73
145,173,87,67
171,179,89,71
200,204,81,74
204,227,80,71
194,238,84,62
187,229,86,67
178,218,84,63
176,225,85,66
189,226,91,67
222,224,92,65
269,211,88,69
300,197,78,76
295,200,83,74
270,220,87,71
254,231,80,66
255,216,74,72
237,193,84,68
211,179,91,66
193,181,82,65
197,205,79,69
222,229,84,70
251,253,86,67
240,240,84,70
220,226,85,72
202,218,87,68
209,224,84,69
241,242,92,71
275,253,89,68
284,241,82,71
264,223,90,70
240,208,87,71
238,201,88,63
265,206,93,71
287,220,78,66
266,208,83,66
242,191,85,67
239,190,87,62
261,183,90,65
282,183,83,66
271,175,85,65
252,166,87,62
252,171,77,73
255,182,83,65
265,179,78,67
275,168,84,71
289,169,80,66
305,189,78,70
308,209,77,71
299,210,85,70
297,203,77,71
280,195,93,66
238,196,87,68
198,209,81,70
211,210,78,64
235,191,78,71
249,184,79,63
238,182,87,65
226,189,78,72
234,210,86,68
263,213,90,62
293,199,76,72
309,177,78,74
307,165,82,63
292,168,80,72
283,198,75,76
302,224,93,67
333,205,73,72
341,186,75,72
327,179,81,67
312,192,86,68
296,201,81,71
296,206,83,62
297,198,81,65
291,194,86,70
291,187,82,71
290,184,76,66
279,184,83,65
272,188,88,65
267,192,81,67
268,195,76,68
267,201,83,66
268,203,83,65
283,209,78,67
301,220,79,62
290,227,86,66
280,223,83,63
270,216,82,66
272,215,81,62
291,221,84,65
280,219,83,63
238,216,91,61
226,212,77,64
234,202,79,68
242,200,80,58
248,201,85,65
253,202,83,59
246,207,80,66
240,210,82,60
257,204,84,62
257,206,89,64
247,204,82,59
252,196,85,63
265,186,77,67
251,179,83,65
248,178,80,67
258,185,82,63
264,195,81,65
253,195,83,64
238,185,85,62
226,170,84,65
