164,121,27,24
166,122,25,26
167,119,23,28
165,120,29,25
166,119,23,23
165,120,24,25
168,121,30,22
169,120,22,27
168,121,24,24
170,119,24,29
167,120,28,23
167,118,28,29
167,120,28,25
167,120,30,23
169,123,30,22
169,120,31,27
167,120,30,27
170,120,29,29
170,120,30,25
169,119,27,28
170,121,28,28
171,121,29,24
171,123,25,24
173,122,25,29
170,122,24,28
171,123,25,29
172,120,27,24
171,119,25,25
172,120,27,23
173,118,27,24
172,119,31,24
172,120,25,23
170,118,31,25
170,121,30,23
170,122,25,25
172,120,32,25
168,120,31,23
168,119,27,27
169,119,25,27
171,119,31,25
168,118,27,26
168,119,27,27
170,119,28,24
168,119,30,30
170,120,24,32
171,124,26,30
169,124,29,26
170,124,27,29
168,123,30,25
167,122,28,23
169,122,30,27
170,120,24,33
168,124,29,24
171,122,28,23
171,123,31,25
169,124,26,24
169,120,25,25
170,121,29,26
171,122,30,24
169,123,29,30
168,124,28,25
170,122,25,27
171,122,27,28
171,123,29,26
170,120,29,29
170,122,25,29
169,120,26,29
168,121,32,30
168,119,29,27
169,123,24,25
168,122,31,31
169,122,29,30
167,122,30,26
168,123,32,30
169,123,29,25
168,120,27,28
170,119,26,31
171,122,26,30
173,121,23,30
171,121,28,32
169,117,28,33
169,118,28,34
168,122,32,25
169,119,32,28
171,120,27,30
170,121,31,30
170,121,29,28
170,122,29,29
172,119,32,28
173,121,28,33
171,120,24,31
172,119,27,31
170,119,26,28
172,118,25,25
173,119,25,26
173,120,28,27
173,120,26,27
174,119,25,30
173,118,29,27
176,121,26,28
174,122,24,31
173,120,29,29
175,119,28,28
175,121,25,28
173,120,32,32
176,123,29,28
176,122,24,28
174,120,30,31
177,120,29,28
175,120,24,31
177,118,30,31
176,120,26,28
176,119,28,29
175,120,28,25
179,122,24,32
177,118,28,34
178,122,25,29
176,122,32,30
176,121,25,28
176,123,25,29
176,120,29,26
176,119,27,29
176,120,26,26
177,119,27,27
174,122,30,32
176,122,31,29
176,120,28,31
177,123,29,32
177,124,26,31
176,121,29,27
176,121,31,25
174,121,32,32
174,124,30,32
176,124,26,30
173,122,30,26
175,119,32,26
176,120,30,26
176,122,28,25
174,120,24,27
177,122,27,25
175,121,29,28
173,122,27,30
176,122,29,29
173,120,31,25
172,120,30,25
174,118,32,32
175,117,31,27
174,118,28,27
174,120,30,28
172,118,31,27
173,118,30,27
174,116,31,29
174,118,30,34
171,120,35,26
174,120,27,29
175,117,30,29
175,121,29,29
176,121,32,29
174,122,29,29
171,122,31,31
174,120,35,30
172,121,26,31
171,121,30,28
175,122,33,29
173,119,30,26
172,120,32,27
174,123,29,27
173,123,33,26
172,122,30,28
173,123,29,33
171,122,29,24
174,124,27,23
173,122,29,30
173,121,30,27
171,122,33,28
173,121,32,26
173,121,26,33
173,119,26,32
170,118,29,27
172,120,32,34
173,119,28,31
170,120,33,29
172,117,27,32
172,118,26,32
170,116,36,33
172,118,31,26
173,117,28,28
168,118,31,30
169,119,32,26
172,117,25,28
172,117,29,32
169,116,33,33
168,118,32,33
168,115,35,32
169,114,29,29
168,112,32,28
167,115,29,33
169,114,33,31
169,116,28,29
166,113,29,27
167,114,31,30
166,114,31,26
169,111,27,27
169,110,25,29
168,114,34,25
167,111,30,33
166,113,31,27
165,114,27,31
168,113,30,32
165,115,34,32
166,115,31,31
166,114,24,29
165,116,27,29
167,116,32,31
166,118,28,33
165,120,31,34
164,118,30,31
164,122,33,28
165,119,33,28
166,122,33,26
165,121,31,27
163,122,34,32
165,117,27,34
163,118,33,27
165,117,26,27
161,119,29,33
160,121,32,30
161,118,31,28
162,117,30,31
162,118,29,31
162,119,28,28
160,116,29,26
161,118,30,30
162,116,29,32
162,117,30,33
163,116,28,30
160,116,35,27
160,116,33,30
160,116,36,31
162,114,30,27
161,112,34,29
164,115,31,32
164,116,30,27
164,115,29,28
161,112,28,30
164,115,29,26
161,116,33,31
163,114,31,24
163,114,29,29
165,112,30,31
161,114,33,28
162,113,28,32
162,113,34,26
166,113,31,26
163,114,30,32
164,111,33,26
167,113,34,31
167,115,31,30
166,114,31,29
166,112,32,34
167,113,32,31
166,113,29,28
166,113,32,26
164,115,30,28
165,112,36,25
166,113,32,33
166,115,33,26
166,112,29,30
164,112,31,29
169,114,30,30
167,112,31,26
167,114,33,27
166,111,32,27
171,114,26,28
167,113,29,28
169,116,34,31
168,115,32,33
170,115,30,31
170,114,33,31
168,112,29,34
170,113,36,28
169,113,30,32
170,112,29,35
172,113,33,30
171,115,29,36
171,115,31,31
173,116,32,31
171,116,36,34
172,117,34,28
174,113,36,30
173,112,31,34
173,115,36,30
172,114,28,32
174,116,33,32
174,116,30,30
172,113,32,31
176,114,29,29
173,115,30,34
173,115,30,29
176,114,32,31
174,112,31,26
174,115,30,31
175,113,34,32
176,116,28,28
175,117,34,29
175,116,29,30
176,116,35,31
175,115,33,33
177,115,28,28
175,116,35,32
176,117,29,31
176,116,32,28
175,114,32,30
178,114,27,34
175,118,29,29
176,116,28,26
174,116,32,28
175,119,30,29
174,117,33,31
175,116,36,32
176,118,33,29
176,117,30,35
174,120,32,28
176,117,35,33
176,117,35,32
175,117,32,31
175,120,34,25
175,117,33,29
175,116,35,30
176,116,28,27
174,118,33,32
176,117,29,31
174,115,36,28
172,114,31,33
172,118,32,28
174,115,30,28
175,117,30,27
174,117,32,35
172,117,36,26
172,117,30,29
171,116,29,30
172,117,34,29
173,119,31,27
171,117,30,32
171,116,35,29
171,117,28,31
169,118,31,30
171,115,34,33
171,116,35,34
170,117,34,33
167,118,33,33
167,117,36,31
165,120,32,29
165,119,31,26
164,116,29,34
165,119,34,30
165,115,31,34
164,115,33,32
164,116,35,33
163,118,29,35
166,118,31,30
162,116,34,35
163,117,30,34
165,115,32,32
163,118,36,33
165,117,31,28
164,118,30,33
164,118,32,34
165,117,31,34
165,115,30,27
165,116,31,34
164,117,29,31
165,115,34,31
164,118,32,28
164,116,32,27
167,115,31,31
167,116,37,28
167,116,31,29
164,118,32,30
165,117,37,31
162,116,34,29
163,113,34,32
167,113,35,37
167,116,34,32
165,115,33,33
164,118,31,29
164,118,32,33
166,117,34,30
167,116,31,34
164,113,30,35
168,115,34,30
165,115,34,37
165,115,38,33
167,115,32,36
165,117,34,33
167,119,32,28
164,118,39,35
165,115,34,33
166,117,39,32
167,116,35,34
166,116,36,31
166,115,37,33
165,119,36,33
167,116,31,36
165,119,31,32
167,116,40,36
165,118,38,36
168,114,30,38
168,116,34,30
166,116,34,38
166,119,37,33
165,117,39,35
167,117,32,28
165,118,38,33
165,117,32,34
168,116,38,32
166,118,34,32
168,118,37,32
167,116,39,29
166,119,37,29
169,119,33,31
167,119,32,33
169,116,34,29
166,115,38,31
168,118,33,31
166,118,36,35
170,116,34,30
166,116,35,31
169,117,37,33
166,118,37,29
168,118,35,30
167,117,35,33
169,119,36,36
169,117,33,31
169,118,37,34
166,117,33,37
169,119,35,30
166,118,34,38
169,118,37,37
167,119,37,30
165,115,36,35
166,118,35,40
167,118,36,37
166,118,38,35
165,117,36,34
164,117,38,30
165,114,32,33
166,118,37,32
166,119,35,36
166,119,38,32
167,117,32,40
166,116,38,35
163,117,33,30
163,118,35,32
163,118,37,35
160,115,40,36
163,117,34,37
160,117,39,34
159,120,38,32
160,117,33,33
159,120,33,37
162,119,38,36
161,119,32,34
159,117,35,39
158,119,34,37
158,119,35,34
156,117,34,33
156,119,33,37
157,118,36,39
155,119,39,31
154,117,39,31
155,118,36,35
154,115,37,36
151,119,38,29
154,116,35,37
150,117,40,29
151,117,34,33
149,115,39,32
149,115,37,38
152,115,31,31
149,117,38,34
150,118,36,31
148,114,40,32
146,114,32,32
146,114,32,32
145,118,33,39
145,115,38,34
144,118,34,39
145,114,41,37
145,115,35,37
145,117,36,34
145,116,32,35
143,117,39,39
142,117,36,32
143,116,33,38
141,114,39,32
140,115,33,38
140,117,35,39
142,115,35,32
142,114,37,36
140,115,38,35
140,115,39,38
139,115,37,34
138,116,40,35
138,116,35,32
136,115,42,37
134,114,36,39
135,116,39,38
137,117,40,32
132,116,43,37
133,115,41,35
133,116,39,35
135,116,42,37
132,119,39,30
132,117,41,32
133,118,40,32
134,117,38,37
133,115,40,33
133,116,41,31
132,117,38,38
130,117,39,37
130,118,43,30
131,116,41,32
130,118,42,35
127,117,39,31
129,118,40,35
129,118,36,30
127,115,39,32
125,117,44,36
125,118,41,33
123,118,46,32
126,116,43,35
124,116,39,34
122,116,44,32
121,118,43,37
123,114,38,36
125,116,41,37
121,114,40,36
119,117,45,34
120,113,37,38
124,115,37,35
121,116,36,32
118,116,45,34
118,115,38,32
117,114,39,36
116,113,38,33
117,113,42,36
118,114,42,37
114,117,40,32
114,116,43,31
114,114,40,32
112,115,38,36
112,116,38,31
114,116,38,36
110,118,36,31
112,117,40,37
110,115,44,35
108,117,38,38
108,116,41,33
109,115,45,32
109,115,37,33
107,114,42,34
107,115,45,37
106,115,44,33
109,117,38,31
110,116,38,36
108,114,40,38
108,117,39,33
109,115,38,37
108,115,41,33
108,116,40,33
106,115,43,38
104,116,38,33
107,115,41,34
104,114,45,37
106,113,38,38
102,113,42,36
106,113,40,39
104,113,45,34
103,117,46,39
107,113,36,37
105,116,41,36
106,117,39,35
105,114,38,34
104,115,38,38
101,116,43,39
102,115,40,35
101,115,46,36
105,114,40,36
103,115,41,37
104,115,41,38
103,117,45,35
105,113,37,39
104,116,43,33
101,111,39,40
102,116,39,38
102,113,47,37
100,113,45,35
101,115,41,32
105,113,43,36
102,114,46,38
102,115,41,36
100,113,42,40
101,114,40,36
100,115,46,39
101,115,40,36
100,112,41,35
103,113,38,40
103,116,42,36
99,113,43,33
103,113,43,32
103,116,37,35
102,112,39,38
102,112,40,39
101,111,45,35
103,113,40,33
99,114,46,36
100,111,38,35
101,114,42,33
100,115,40,39
99,114,46,40
99,112,41,33
100,112,40,37
99,112,45,40
100,112,41,33
101,114,39,39
101,111,44,39
98,113,40,34
98,111,46,37
99,114,41,39
101,113,42,38
97,112,43,39
98,111,40,37
100,111,46,35
96,112,48,33
97,112,46,34
100,112,43,36
98,111,45,41
95,114,46,37
96,112,46,40
98,113,44,33
97,113,43,38
98,113,39,39
96,112,41,39
97,113,42,37
96,115,46,38
99,113,42,37
98,112,46,42
96,112,45,39
95,112,44,33
98,112,47,34
95,111,44,36
96,113,46,34
94,112,43,36
93,116,43,34
95,115,46,32
97,115,41,34
95,116,46,31
98,114,38,35
98,114,44,33
95,116,43,37
96,113,46,38
93,115,42,38
92,114,48,32
92,115,44,37
93,115,44,33
92,116,47,36
95,116,42,36
94,114,47,38
92,116,43,40
93,114,44,39
94,114,40,38
93,114,45,35
92,116,40,35
91,116,40,35
91,115,43,34
92,116,41,36
92,115,42,35
92,115,45,32
92,117,46,39
91,116,43,33
92,118,41,34
90,116,45,31
92,117,39,37
92,115,39,33
88,117,47,38
90,116,38,32
90,116,46,37
91,116,42,36
90,116,40,35
90,119,44,35
89,118,45,36
92,117,44,37
90,116,43,33
92,116,37,35
89,116,42,32
91,116,42,33
90,115,37,34
89,117,43,36
92,115,37,35
93,117,41,34
92,115,40,33
91,117,42,36
91,115,41,33
93,116,36,34
90,112,40,32
89,113,39,34
90,115,38,37
92,117,37,30
90,114,35,38
91,114,36,31
89,114,44,37
92,113,43,35
90,113,38,34
92,113,39,39
90,112,42,36
90,111,42,37
91,113,41,38
89,111,43,40
91,114,42,41
91,113,44,39
92,115,38,36
90,112,44,39
93,112,41,41
90,113,42,41
91,115,39,36
92,112,40,38
93,111,40,39
92,112,40,35
93,111,42,39
90,114,38,37
91,112,39,35
91,115,41,39
92,114,42,36
91,113,41,35
93,114,43,36
94,114,35,38
91,115,44,36
95,116,36,33
92,113,40,39
97,112,38,41
95,112,36,33
93,111,45,37
93,113,44,32
95,112,37,38
94,113,39,39
94,113,41,40
96,113,43,35
96,115,40,40
95,116,43,39
95,111,39,38
97,114,41,39
97,112,37,41
97,114,40,33
96,112,43,38
96,115,37,37
97,114,38,37
98,114,41,39
95,115,42,32
100,116,38,39
97,114,37,34
100,114,40,39
97,116,41,32
98,115,38,38
98,115,40,37
101,116,37,38
98,116,41,36
99,114,42,32
95,115,38,38
99,113,37,39
98,116,40,38
98,116,35,34
101,113,35,39
100,115,34,40
100,113,42,40
98,114,43,36
99,116,40,37
102,117,39,37
100,116,40,33
100,116,37,39
101,113,36,32
101,115,41,35
102,115,34,31
101,116,37,37
104,115,37,33
103,115,39,32
101,114,37,35
101,114,40,35
104,114,43,32
104,116,37,32
102,115,42,34
102,115,40,35
103,118,34,35
105,117,37,32
102,117,36,38
103,118,34,32
105,117,33,35
105,116,40,32
106,115,35,33
105,118,41,36
102,118,35,34
105,117,38,33
104,117,37,37
106,116,34,36
105,116,35,30
104,115,40,38
104,117,36,37
103,119,43,35
102,116,37,33
104,115,41,39
105,115,42,38
102,117,39,35
104,116,35,34
103,114,41,35
105,115,39,38
104,116,42,35
104,114,35,40
104,116,38,33
101,118,39,31
102,115,38,38
101,114,44,36
101,117,40,32
103,115,41,37
103,117,41,30
102,115,39,37
101,116,42,37
100,118,38,33
102,116,42,33
101,117,37,36
103,119,34,31
103,121,39,29
102,118,32,34
102,117,40,33
103,118,40,32
100,121,43,26
103,120,36,28
105,119,37,34
103,118,32,32
105,120,37,29
101,120,42,32
103,122,37,32
102,119,36,34
103,119,38,28
103,121,38,27
104,119,35,25
105,119,35,32
100,122,38,26
101,122,37,26
103,122,34,29
101,122,35,28
100,121,35,26
103,123,39,29
104,121,36,27
101,119,39,25
104,120,40,22
102,122,40,25
103,120,35,24
98,118,40,23
100,121,38,26
101,119,39,27
99,121,35,28
100,120,36,24
100,119,36,28
99,122,39,25
102,119,39,24
102,120,35,24
98,118,41,29
100,121,38,29
99,120,38,23
100,118,38,29
99,121,42,26
98,119,43,27
102,121,39,29
101,120,36,26
99,119,37,27
100,119,43,27
100,119,42,30
99,121,45,27
100,122,37,26
101,121,38,25
97,119,39,27
98,121,43,28
98,119,39,24
99,119,41,29
97,118,41,29
100,119,36,27
101,120,38,30
101,118,37,23
101,120,39,29
102,120,43,27
102,119,43,28
102,118,38,31
99,121,41,27
98,118,41,27
98,121,39,25
99,118,39,26
99,120,38,28
100,122,43,30
101,120,38,26
98,119,44,28
101,119,42,24
99,119,35,28
99,118,42,28
98,119,36,31
99,119,41,26
100,117,43,27
100,120,45,31
100,118,40,28
98,119,41,33
100,117,42,29
96,118,44,32
98,121,45,30
95,115,44,32
97,116,47,32
99,119,42,33
97,118,40,35
100,115,39,38
95,117,41,34
97,114,41,39
96,116,45,35
98,114,46,33
96,115,46,39
98,117,42,36
96,114,43,39
96,116,45,39
96,115,48,38
99,116,41,40
98,114,40,38
99,115,42,34
98,118,45,37
98,115,42,33
100,115,44,37
97,115,38,35
98,115,43,38
98,114,41,34
100,112,40,37
100,113,41,33
100,116,40,40
98,113,45,35
99,116,44,37
96,112,42,34
98,116,44,36
98,114,44,39
102,112,45,38
98,116,39,41
100,113,42,39
101,116,44,37
101,117,40,36
102,116,39,36
101,113,46,35
99,114,46,40
103,118,41,35
103,115,39,34
102,117,41,32
102,115,37,34
102,116,40,38
103,118,40,32
103,117,45,38
102,118,43,35
103,114,45,38
101,117,47,39
101,115,41,37
105,117,44,36
105,116,43,35
105,114,40,36
104,116,45,39
103,114,44,37
105,113,44,39
102,117,48,40
102,116,47,35
105,113,42,37
103,114,45,38
103,114,40,40
105,115,48,42
106,113,40,38
101,114,48,41
105,112,46,36
104,115,48,37
103,111,48,42
104,113,41,43
102,111,45,43
106,113,43,38
103,112,43,40
103,113,43,42
104,113,48,42
106,111,44,44
106,113,40,43
103,114,51,39
101,115,45,41
104,116,48,38
100,115,51,44
103,114,46,42
102,116,45,37
105,112,43,44
101,115,44,41
100,117,42,42
99,117,46,44
100,114,50,41
100,118,44,42
103,116,45,44
101,116,50,39
98,115,49,43
97,115,51,43
96,116,49,41
94,117,52,42
95,116,45,42
92,118,49,46
96,118,44,40
94,119,46,37
95,119,44,42
94,116,41,37
93,116,53,38
96,116,49,40
93,118,46,41
94,118,41,41
94,115,45,40
94,116,46,37
95,118,45,36
93,116,45,38
95,118,46,42
90,116,51,44
93,116,48,38
91,116,46,38
94,118,42,37
92,117,43,38
93,116,44,35
90,117,42,39
90,117,47,36
88,114,47,37
89,115,44,44
90,117,46,41
90,114,48,43
91,115,41,36
91,115,48,44
88,114,46,38
88,115,45,39
90,115,42,40
87,114,47,41
86,114,47,40
89,116,46,39
86,116,44,43
86,115,46,43
87,114,43,41
88,113,47,46
87,113,48,43
90,116,47,40
89,115,47,43
90,116,46,41
87,117,43,41
87,115,53,41
89,117,48,39
87,117,46,37
91,116,47,44
88,116,50,40
90,115,46,37
90,118,45,42
90,120,47,45
87,118,49,42
89,118,43,44
87,119,48,41
88,117,44,41
88,117,48,43
91,118,41,40
91,120,45,44
90,117,47,36
89,118,45,39
91,120,46,43
92,116,42,40
88,117,44,39
90,120,44,37
91,117,43,39
90,118,42,43
91,118,46,37
89,117,41,43
91,117,45,39
90,116,44,39
91,119,46,40
92,116,42,39
89,118,43,41
90,118,45,43
88,118,45,45
91,119,40,39
90,119,47,43
88,117,41,37
91,116,42,39
90,116,43,44
91,119,41,36
88,114,46,37
89,116,45,37
90,114,48,44
89,115,43,40
89,114,41,43
89,116,44,41
91,115,45,43
88,116,48,38
87,117,43,43
88,117,45,40
90,116,44,37
88,116,46,40
86,116,48,40
87,117,47,43
89,114,42,40
84,116,45,45
86,118,44,45
87,117,41,41
85,117,49,36
86,117,46,37
89,114,43,44
88,115,43,40
88,117,48,40
87,116,47,41
86,116,40,41
88,114,41,35
87,116,46,40
89,115,42,38
87,114,43,40
86,115,46,37
87,115,42,36
87,117,41,34
86,113,40,38
85,118,40,41
87,117,42,36
87,115,42,43
86,118,41,40
86,115,41,40
84,117,42,41
83,118,42,42
83,115,44,40
86,117,44,35
85,115,43,39
85,118,47,37
85,115,45,36
86,118,41,36
82,118,48,44
83,118,47,42
86,117,47,42
83,117,43,38
87,115,40,42
83,116,42,40
85,116,43,37
85,117,46,41
85,116,48,38
84,114,41,37
86,118,43,36
84,117,47,39
83,116,48,39
86,117,44,38
86,118,38,40
87,119,40,36
88,116,44,42
85,118,40,35
84,119,47,44
85,116,43,42
87,115,40,41
86,114,41,39
86,117,49,40
86,117,43,40
88,114,45,41
86,115,45,35
87,116,48,42
85,115,47,37
86,116,45,41
87,117,40,43
86,118,41,37
85,115,41,43
86,116,49,35
87,118,47,40
85,116,49,40
85,116,45,41
87,116,51,42
85,117,50,41
88,116,42,36
88,117,43,39
88,119,42,39
85,116,46,43
85,118,47,39
85,117,44,42
88,116,44,37
86,115,40,39
87,114,45,42
85,115,51,39
87,116,42,38
88,118,46,44
86,116,48,41
85,118,42,40
84,114,49,42
85,117,46,43
84,118,48,43
87,119,41,41
86,118,45,42
83,120,47,40
86,118,41,40
84,116,49,38
85,116,41,42
86,116,44,37
85,118,44,42
84,115,40,40
84,117,42,43
85,115,44,41
83,118,49,38
86,116,44,37
85,118,47,42
84,118,43,42
86,118,45,42
86,117,40,38
86,117,42,43
84,119,43,37
84,120,49,45
87,116,49,41
87,116,44,40
84,119,46,40
85,117,46,43
84,116,50,45
87,120,46,42
85,119,47,41
87,117,48,40
86,120,41,44
84,119,43,38
88,118,42,38
87,119,45,37
87,119,48,40
86,116,42,41
87,117,44,43
87,117,44,45
89,120,46,41
87,119,46,36
87,117,43,40
87,118,44,42
90,117,46,42
86,117,48,41
88,117,41,38
89,119,47,43
90,118,42,44
86,119,47,44
87,117,44,40
88,118,41,43
87,117,47,37
89,117,48,40
90,118,46,42
90,117,44,43
90,115,41,44
91,116,40,38
87,118,42,43
92,118,42,44
89,116,40,44
91,117,42,38
88,116,47,42
89,118,40,42
91,117,45,39
91,120,41,41
88,117,45,40
90,118,41,42
89,118,41,44
92,118,41,41
90,117,42,42
91,120,42,40
93,120,42,40
90,120,44,42
91,120,43,42
92,118,46,40
92,120,43,40
93,121,46,43
90,118,50,43
92,118,41,36
93,119,46,38
90,119,46,39
92,118,44,38
92,118,44,37
91,117,42,42
90,117,45,41
91,119,40,41
91,119,40,39
92,119,48,41
94,120,44,36
91,121,43,36
95,119,45,36
92,118,49,36
91,119,44,37
92,116,42,36
93,118,42,39
93,117,42,39
95,118,39,38
92,119,41,37
90,121,44,40
91,119,46,37
90,117,43,37
89,117,49,41
92,119,44,39
91,119,48,40
91,117,45,44
92,117,40,43
91,117,44,38
92,117,45,42
92,119,43,37
93,116,47,44
91,117,44,42
92,120,46,36
91,120,43,39
90,117,43,38
88,117,44,42
89,118,39,38
89,118,45,37
90,119,41,41
88,119,48,36
90,120,45,38
89,118,43,38
89,120,43,38
90,119,46,40
91,120,46,36
87,118,48,37
87,117,48,37
90,117,45,40
90,117,42,40
91,121,40,38
89,120,51,45
89,120,44,45
89,116,40,42
88,119,46,44
90,118,41,38
88,117,41,44
89,120,40,40
89,119,44,41
90,119,47,40
89,119,42,44
89,121,46,38
85,117,46,46
91,118,45,44
90,119,40,39
90,118,48,44
88,121,41,44
91,118,43,44
89,117,45,41
90,121,44,37
89,119,44,45
88,118,47,43
89,119,44,45
88,118,44,39
88,115,44,45
89,115,40,38
89,118,42,39
89,118,47,46
87,117,44,44
91,115,43,43
87,117,45,45
89,116,41,44
89,114,45,42
91,115,45,45
89,118,45,43
90,117,44,44
89,114,41,43
90,117,42,41
88,114,45,45
91,119,46,43
90,116,48,42
91,118,46,40
90,114,45,44
91,115,45,44
89,116,42,43
89,116,44,40
90,115,46,45
92,115,44,42
91,115,40,41
90,115,41,43
89,113,39,38
89,115,44,46
92,113,42,39
90,115,43,42
90,116,43,43
91,115,43,43
88,115,41,41
91,117,42,40
90,117,44,43
90,117,46,46
89,117,44,44
87,118,44,38
91,115,39,44
90,114,39,39
86,116,41,44
88,117,40,42
88,117,45,38
88,115,47,42
87,116,39,38
89,116,40,37
89,117,44,39
87,115,39,44
88,118,45,42
87,118,40,45
85,116,46,44
83,115,41,43
85,114,44,39
86,116,42,38
82,115,46,39
84,114,43,42
84,117,39,45
83,113,44,42
82,114,45,43
81,115,43,44
81,114,43,47
79,113,46,44
81,114,40,42
81,117,48,47
80,117,45,43
79,116,44,44
81,115,46,49
78,116,45,45
77,113,43,43
76,112,43,47
79,115,43,43
76,117,39,43
76,115,47,45
78,115,48,44
75,117,41,44
77,114,39,45
75,114,43,43
75,116,41,48
74,115,41,45
75,117,43,44
77,115,46,46
75,116,43,46
73,115,46,46
76,114,43,42
74,116,45,44
73,117,39,45
72,114,44,46
75,116,40,38
74,114,43,41
72,116,38,38
73,113,45,39
71,116,44,43
72,114,42,42
69,115,40,41
69,117,40,41
71,116,46,44
69,113,42,40
69,114,41,38
68,113,45,36
71,113,40,38
69,113,40,38
68,113,46,43
67,112,40,44
67,113,39,44
69,115,45,40
67,113,41,42
68,113,41,38
64,115,44,40
67,113,42,40
65,113,43,44
65,113,48,44
66,113,48,43
65,111,42,40
65,114,48,38
63,112,45,45
66,111,41,40
65,112,48,39
63,111,45,44
63,112,43,45
63,113,41,39
64,111,43,39
62,110,44,42
63,112,48,45
61,111,46,38
62,112,49,42
60,112,48,41
64,112,42,43
59,113,42,46
60,113,44,45
61,108,46,46
63,111,41,41
63,113,43,42
61,111,45,41
63,113,48,43
60,114,44,46
58,113,43,38
60,112,44,42
62,113,42,44
59,111,47,39
61,113,42,46
58,113,42,39
60,114,47,40
58,113,49,40
59,114,44,40
61,115,40,39
60,111,47,42
59,110,46,40
60,109,44,38
58,112,42,42
59,110,47,43
59,114,41,37
58,110,42,40
58,113,45,37
58,111,41,42
56,113,40,41
58,112,47,43
59,112,41,43
55,112,44,41
55,111,41,39
56,112,42,44
55,113,43,39
55,115,46,41
55,111,45,44
56,112,47,38
56,113,40,41
56,116,43,36
53,115,44,42
55,115,42,39
57,112,42,39
55,114,44,37
54,113,41,41
55,113,41,37
53,113,44,41
55,113,44,42
55,116,39,40
52,115,47,38
55,116,42,41
57,116,37,42
54,112,38,37
55,114,40,43
55,116,36,42
56,113,44,41
53,114,40,38
55,114,39,42
55,113,37,39
53,115,36,40
53,113,43,38
53,114,38,39
54,112,39,37
55,112,42,40
54,113,44,39
56,113,42,36
54,113,43,40
55,112,38,36
56,114,39,39
56,112,41,37
55,110,42,44
56,110,38,39
57,113,41,40
56,113,41,38
54,114,39,39
57,112,41,41
57,112,40,43
58,113,41,36
57,113,37,42
54,113,43,36
56,110,40,42
58,112,36,38
56,112,36,38
56,113,40,36
59,113,38,38
57,113,44,36
58,114,40,41
57,113,42,40
57,117,38,38
56,114,38,40
58,116,38,37
55,114,39,42
57,115,40,37
57,114,36,40
58,114,36,37
58,116,37,41
56,115,40,41
59,116,36,32
58,113,39,36
60,115,38,34
60,116,40,37
57,115,37,40
57,116,36,39
58,115,35,35
57,114,36,38
58,114,39,36
59,114,42,36
58,114,39,36
59,113,37,38
56,115,34,37
56,114,37,37
59,113,37,41
59,114,36,35
58,115,40,38
58,115,38,39
61,115,37,34
57,117,40,35
57,115,40,34
58,116,38,33
58,114,42,36
57,116,39,33
59,115,42,35
58,116,35,36
58,116,35,33
59,116,40,33
60,114,35,36
60,115,38,39
58,114,41,37
58,116,35,38
61,115,40,42
60,116,39,39
62,117,40,39
61,113,42,35
62,112,34,35
59,114,36,31
62,116,33,38
62,116,36,40
62,114,37,33
59,113,37,32
61,116,39,36
61,115,36,39
62,114,41,35
61,115,36,35
61,114,38,37
60,112,36,31
60,113,38,36
61,116,34,32
63,116,40,38
64,114,34,36
63,114,35,36
63,113,36,41
62,115,35,37
65,116,36,35
63,115,38,33
64,116,38,35
62,114,35,35
65,116,35,33
66,117,38,39
62,114,36,33
63,116,40,33
62,115,34,35
63,113,35,40
65,113,37,33
63,116,35,35
66,114,39,39
64,116,36,36
63,114,34,39
65,112,38,39
65,114,35,36
61,112,38,39
64,114,40,39
65,111,34,38
62,112,35,34
62,111,37,36
63,115,38,36
64,115,42,37
61,114,37,30
64,114,37,38
64,114,38,36
65,112,37,35
61,111,37,41
63,113,39,38
60,113,36,37
63,115,41,38
62,114,41,33
61,116,42,40
60,113,40,42
63,112,34,41
64,115,42,41
60,112,39,36
61,111,41,41
61,112,40,38
60,111,40,37
62,110,36,41
61,112,38,35
62,111,39,39
62,109,44,40
62,110,43,36
62,109,36,40
59,111,43,44
61,113,42,41
62,114,43,40
62,112,40,36
61,113,42,43
60,114,41,39
62,114,44,39
59,115,40,43
63,113,39,39
59,114,42,40
62,112,38,42
62,112,46,40
62,113,45,44
63,112,42,44
63,112,39,41
58,110,43,36
62,111,44,42
62,109,41,38
59,113,47,38
58,116,48,39
63,114,41,42
58,115,46,36
60,111,48,35
59,110,47,35
57,113,50,39
59,108,47,39
59,113,48,41
57,111,50,39
56,113,46,40
59,110,51,36
59,113,48,43
59,110,47,39
60,110,47,43
61,116,41,38
58,113,48,39
57,113,45,37
62,113,42,41
57,112,47,36
60,113,47,43
58,110,50,38
59,112,44,39
60,110,42,38
62,114,46,39
60,110,43,35
64,114,45,41
64,113,41,38
62,113,44,39
62,112,42,40
65,113,46,39
62,114,46,33
63,116,48,38
63,113,46,38
63,111,47,44
61,110,47,39
64,109,43,43
61,112,43,46
63,110,41,42
65,113,44,43
64,111,43,40
62,113,42,42
62,111,44,45
62,113,43,41
63,113,37,42
64,114,42,38
64,112,36,38
62,112,39,40
63,112,37,41
65,112,39,43
62,114,36,39
63,114,42,40
62,112,38,42
62,113,43,37
61,110,37,39
62,116,38,38
62,115,44,38
64,115,39,39
64,117,41,36
64,113,44,44
64,113,44,42
62,113,41,42
65,114,38,42
63,116,44,38
63,115,44,37
64,117,40,37
63,114,44,40
60,115,42,35
61,115,45,41
63,116,42,37
59,115,42,34
61,112,46,43
60,111,45,40
62,111,43,38
63,112,38,39
63,111,43,42
62,112,43,42
60,111,39,44
62,113,44,39
59,112,45,43
61,114,42,37
63,113,40,38
62,113,44,35
61,114,38,35
62,115,44,35
62,111,42,41
60,112,43,34
60,111,39,36
60,114,40,40
62,112,44,40
59,114,41,36
59,111,43,39
62,113,37,38
59,111,36,42
62,111,41,37
62,109,41,37
62,110,37,40
58,110,43,36
61,112,39,42
59,110,42,43
60,112,37,38
60,114,39,40
62,111,39,39
61,111,44,37
58,112,41,40
61,113,42,43
59,116,38,41
61,112,44,36
62,117,39,38
59,112,45,38
58,114,47,40
59,111,47,36
59,111,45,38
59,112,42,39
58,111,41,41
60,112,42,41
61,112,43,44
58,111,46,39
60,111,41,37
60,113,44,39
60,113,46,44
59,112,42,44
58,112,47,47
61,112,46,39
62,112,47,44
63,112,43,44
64,109,45,39
62,109,38,46
66,109,40,45
64,111,41,40
63,109,42,41
65,112,41,40
65,109,42,39
63,112,38,39
67,109,40,39
64,109,46,37
66,111,43,43
64,112,43,41
67,110,43,36
67,111,40,43
68,111,45,42
66,108,44,43
65,108,42,38
66,110,46,37
64,109,44,38
66,111,39,38
64,109,44,41
66,107,41,42
66,109,40,39
66,109,47,38
67,109,47,42
67,110,43,37
68,110,42,42
69,111,40,36
67,111,45,36
68,111,43,41
69,110,38,36
68,112,45,40
66,112,45,40
68,112,44,41
69,111,44,40
68,114,41,38
69,112,40,42
68,110,43,41
68,112,44,37
69,110,46,39
71,112,44,39
71,113,39,37
69,112,45,42
70,113,43,39
72,113,39,40
70,114,37,40
70,112,41,41
69,113,40,38
68,113,43,42
68,110,41,46
69,110,44,43
67,113,44,42
69,111,45,39
71,112,38,44
69,111,45,43
68,112,44,45
70,113,42,36
66,114,43,44
63,114,46,42
65,112,52,39
65,114,49,37
64,114,49,44
64,114,50,45
68,114,50,43
67,113,45,39
65,114,48,38
62,111,50,45
62,113,51,43
62,112,51,41
64,112,53,46
63,111,53,41
65,112,44,44
68,113,44,42
68,113,46,41
69,109,43,48
67,111,47,40
69,112,41,43
68,114,46,45
67,113,42,42
67,115,43,42
67,113,45,40
66,115,41,40
67,113,42,44
67,111,42,47
67,112,45,39
69,111,39,43
68,109,48,41
68,109,43,46
69,114,47,43
70,112,47,46
71,111,42,45
68,111,44,42
71,112,46,40
70,114,40,39
72,114,44,43
70,113,37,42
72,111,44,38
70,112,46,41
71,110,44,39
69,110,45,43
71,115,39,40
70,113,39,34
69,112,41,40
70,113,41,42
71,111,46,39
71,115,46,43
69,112,43,40
71,114,42,44
70,112,44,41
69,115,44,42
70,113,37,40
70,113,37,35
67,113,44,39
70,112,43,40
70,113,41,43
66,115,40,41
68,112,40,38
67,112,38,42
69,114,43,41
67,115,38,39
68,114,43,39
66,112,44,43
66,114,42,44
69,111,43,38
69,113,43,39
71,114,39,36
68,116,44,37
69,113,39,41
71,114,43,36
69,115,41,36
70,116,43,35
71,114,38,33
72,112,38,34
71,114,41,34
72,112,44,36
73,115,44,37
70,113,47,38
70,116,47,34
72,114,39,35
75,113,38,39
75,117,36,39
76,115,44,37
78,114,34,38
74,116,40,33
75,112,35,33
74,115,36,34
76,116,38,38
76,117,43,34
74,114,38,37
79,114,35,33
77,116,42,40
76,113,37,39
76,112,43,37
74,116,45,40
75,113,44,36
77,116,37,33
74,113,40,34
74,113,44,41
75,117,43,37
75,115,40,40
76,117,37,39
76,115,42,40
77,117,41,36
77,116,43,39
77,112,44,41
79,112,36,38
77,111,43,38
77,108,43,35
76,110,42,35
78,109,43,39
78,109,37,43
76,111,37,35
75,109,36,35
76,107,42,39
74,107,37,37
77,111,40,41
73,110,37,40
76,110,39,40
77,110,43,40
73,111,41,36
75,113,37,37
75,108,37,41
75,110,38,43
73,108,43,37
73,109,36,40
73,111,36,39
75,109,38,36
74,109,40,39
72,110,40,36
73,107,40,42
73,110,43,42
74,109,37,40
73,110,36,38
73,111,41,37
73,111,41,42
73,108,43,35
76,110,37,36
74,110,39,41
74,111,42,43
74,108,42,41
72,108,40,40
74,109,38,35
71,109,40,40
75,111,40,40
74,112,42,40
73,109,39,38
72,112,42,40
74,111,39,39
73,108,37,37
73,108,39,41
71,109,37,43
71,108,39,40
73,107,40,38
72,110,34,36
72,110,35,34
70,107,39,40
71,111,36,37
71,109,40,34
69,110,38,36
71,111,37,35
69,108,40,39
69,111,43,38
69,107,37,38
67,110,45,38
70,109,38,43
69,109,40,38
68,111,44,42
67,111,42,39
67,108,36,40
67,108,38,38
68,111,36,36
68,112,37,39
67,110,35,43
66,111,38,39
63,110,46,40
65,108,45,41
67,110,38,40
66,110,44,39
66,111,40,36
67,113,41,40
67,113,38,37
65,109,38,36
65,110,39,42
64,111,43,36
66,112,40,39
65,112,41,43
64,110,38,38
61,112,42,38
61,113,41,38
64,110,38,37
63,112,40,36
60,112,40,39
63,114,39,33
63,114,35,33
65,113,36,37
62,114,42,36
59,112,36,39
62,113,40,33
63,113,41,33
63,112,37,36
59,113,36,39
64,117,38,36
62,115,41,36
62,113,34,31
60,115,41,31
60,115,40,38
61,114,42,38
63,114,40,32
61,112,42,33
61,112,42,36
61,112,43,36
59,114,38,34
61,116,42,41
60,114,38,34
59,113,41,37
61,112,41,33
60,115,38,39
62,116,41,39
66,114,36,39
62,113,39,33
61,112,43,35
64,115,38,36
63,116,39,33
65,115,35,34
62,114,40,34
63,117,39,36
66,113,35,38
66,116,33,34
62,114,36,33
65,114,42,39
64,114,42,34
64,114,39,36
65,113,39,36
65,117,41,34
64,114,37,37
65,115,36,37
64,114,39,41
62,115,43,37
65,115,39,39
62,114,41,37
63,113,36,35
62,117,41,32
62,117,38,38
64,116,38,34
62,113,40,36
60,113,40,38
61,115,37,35
59,115,45,36
61,115,40,37
65,115,41,41
61,115,42,39
63,113,35,35
65,114,36,36
64,115,41,37
64,114,35,40
66,115,41,35
63,117,38,34
66,118,39,32
65,116,38,34
62,115,38,35
63,115,37,34
62,119,41,37
66,117,40,36
64,116,39,35
64,116,40,42
67,115,42,39
64,115,43,35
67,116,38,40
67,118,37,38
67,117,39,33
67,118,38,33
70,118,39,38
69,119,42,35
68,116,40,34
68,118,41,32
72,113,37,33
71,116,44,35
71,117,37,35
71,116,37,35
75,116,33,39
71,115,36,36
74,116,38,37
72,115,42,38
74,120,34,36
76,119,38,36
77,121,41,29
76,120,37,35
77,122,36,33
80,121,32,37
81,118,37,34
79,120,36,34
82,117,34,31
82,120,38,33
83,118,32,35
83,119,39,29
84,120,32,32
84,117,36,29
81,120,39,33
82,117,39,34
83,120,33,31
83,121,36,37
86,121,34,34
85,120,34,31
85,121,36,34
88,119,38,34
86,116,40,30
88,119,36,36
90,117,38,33
91,119,33,36
90,116,36,35
93,119,39,34
93,118,36,27
96,120,37,32
92,120,36,28
95,120,33,29
96,120,33,31
97,119,36,33
98,117,33,34
97,118,39,33
99,116,34,36
98,118,38,32
99,116,40,30
99,119,39,30
102,118,36,34
101,120,38,33
99,120,34,30
101,118,33,36
103,122,41,29
103,121,33,31
103,119,35,35
101,119,37,31
104,118,38,36
102,122,43,30
101,122,34,32
102,120,41,31
105,119,36,36
105,121,36,36
103,119,40,36
104,121,36,29
104,120,39,34
106,116,34,31
105,117,37,34
105,119,36,36
106,118,39,35
103,117,32,29
105,116,38,36
105,117,35,35
103,115,33,34
105,116,36,31
102,121,37,33
103,118,33,29
105,119,35,34
106,116,36,29
100,127,40,31
104,124,33,33
103,121,33,29
104,121,38,31
103,116,35,36
101,118,32,32
100,118,35,34
102,120,32,32
99,119,36,30
100,120,33,30
102,116,35,31
101,117,37,30
100,115,38,35
100,115,35,34
101,117,34,31
100,115,34,29
102,118,34,28
99,117,35,32
101,115,33,30
100,115,36,29
98,115,35,30
101,114,38,29
101,117,29,32
99,115,36,33
98,119,34,29
98,116,38,33
98,117,36,28
100,116,33,28
97,116,39,29
96,118,35,33
100,115,34,34
96,115,37,35
98,119,36,34
98,115,38,35
99,118,37,30
96,116,36,34
95,118,34,32
97,116,33,31
97,118,36,34
98,117,36,35
99,119,38,34
100,119,32,29
99,118,38,35
98,116,37,35
97,119,37,32
96,117,34,32
97,115,33,30
98,116,38,30
99,118,33,32
100,118,33,33
99,118,38,31
101,116,37,28
98,118,38,33
99,116,37,32
101,116,33,32
102,118,31,28
102,116,32,33
102,118,35,34
103,117,36,28
101,118,37,27
99,116,36,31
101,114,37,30
104,116,36,31
103,114,38,34
101,117,37,33
101,116,33,28
101,118,34,35
104,115,33,34
101,117,40,30
102,117,34,35
103,117,35,31
103,116,36,30
105,118,36,31
103,117,39,34
105,114,37,33
106,116,39,30
107,116,32,28
108,115,37,29
107,116,33,29
106,118,37,35
104,117,38,30
104,113,39,37
106,114,38,32
102,116,39,38
103,117,37,37
103,115,40,35
104,115,36,36
104,114,38,35
102,114,43,34
105,113,40,37
102,115,39,32
105,115,41,34
105,117,36,33
103,117,40,33
104,116,40,32
104,116,43,31
106,114,36,32
105,114,34,31
106,115,36,33
107,114,35,32
108,118,34,32
108,117,40,37
107,119,40,36
108,118,35,31
108,117,35,30
105,119,34,36
108,118,40,34
107,117,36,29
110,119,40,36
106,117,36,29
108,114,34,32
106,117,40,32
110,116,33,36
106,117,38,35
109,115,39,38
111,117,34,38
110,116,37,37
106,115,42,35
106,117,38,35
111,115,38,39
108,114,38,33
108,117,41,32
105,116,41,37
108,116,36,37
106,115,38,37
107,116,37,37
106,115,38,38
107,114,39,33
106,115,38,36
105,113,40,40
107,114,39,39
104,115,38,41
107,116,38,40
105,115,36,39
107,115,39,33
104,115,38,33
108,119,34,36
104,113,37,35
106,116,34,36
106,118,38,30
106,116,36,32
106,114,40,36
107,116,39,35
105,114,33,33
107,113,36,31
106,116,41,34
106,116,36,35
107,117,42,38
106,117,37,39
105,116,39,39
104,115,35,34
105,113,39,33
105,115,39,38
106,114,41,32
107,115,40,34
105,113,37,33
102,114,40,38
103,115,37,36
105,113,34,38
105,113,36,33
102,114,36,40
103,114,36,38
105,113,37,40
102,112,40,38
104,115,41,34
103,117,41,37
104,118,38,41
101,118,42,42
103,116,41,41
104,118,37,38
102,117,42,42
105,116,38,36
102,115,37,40
101,115,41,35
105,119,40,41
104,119,40,34
103,116,38,34
104,119,39,35
103,119,41,39
102,119,37,41
106,118,36,37
105,117,36,38
106,118,35,33
102,116,36,31
102,117,41,37
102,115,37,34
104,118,38,38
103,117,39,34
103,118,38,34
102,116,44,41
102,115,40,40
103,117,35,39
103,118,39,39
102,115,39,38
104,114,36,41
100,115,41,36
103,116,41,36
102,115,42,38
103,114,42,39
104,114,36,40
101,113,38,41
104,117,41,37
103,114,36,36
100,115,41,37
102,118,42,35
101,116,43,44
102,115,41,42
99,114,42,41
102,117,37,42
99,116,41,43
101,115,37,37
103,115,39,37
99,116,36,41
101,118,37,40
100,116,36,36
98,116,40,41
100,119,41,39
100,117,41,37
99,117,40,37
100,118,36,40
102,117,41,40
100,119,34,37
98,115,38,39
99,114,35,39
97,118,39,36
97,116,37,36
100,116,41,38
97,118,35,37
97,115,41,36
95,116,44,37
98,118,38,39
97,118,41,38
95,120,40,37
96,118,41,34
96,118,38,39
96,119,37,36
98,117,42,38
100,120,42,39
98,120,40,37
101,116,36,36
100,116,35,33
100,115,41,35
100,118,38,36
100,118,40,34
100,120,41,38
101,120,39,40
101,120,38,38
100,120,42,42
101,118,41,38
101,120,38,35
102,117,45,45
104,116,38,40
104,119,38,37
105,115,44,38
103,115,42,36
103,115,42,37
106,118,40,44
108,114,40,36
105,116,40,37
108,117,38,42
107,117,39,40
107,116,45,38
109,117,41,42
108,114,44,38
108,115,38,37
105,115,43,37
107,115,43,44
107,114,43,46
105,113,47,41
107,113,44,44
106,114,43,47
106,116,44,42
110,116,45,41
107,113,48,41
110,117,46,42
109,114,49,42
109,115,43,43
112,116,42,42
108,116,43,43
110,114,42,45
109,113,51,49
114,114,48,47
112,113,46,49
112,114,47,44
112,113,52,42
111,113,49,46
113,112,50,51
113,115,50,46
115,115,44,45
115,118,44,46
115,118,44,43
114,116,50,47
115,116,43,45
115,116,43,44
115,117,46,44
115,117,44,42
114,117,46,39
115,117,52,47
116,115,45,41
115,115,45,44
115,114,42,43
118,115,45,46
117,113,47,45
117,114,45,41
113,113,52,42
114,113,50,42
116,113,50,46
112,113,53,44
109,116,57,39
106,113,62,45
108,115,57,40
109,114,56,42
109,117,55,47
112,119,52,38
113,117,46,40
110,116,48,47
113,116,48,44
113,116,46,42
112,117,45,41
112,115,42,43
112,118,46,45
109,118,47,46
113,118,48,43
111,118,43,41
113,117,42,42
112,114,45,42
109,115,46,41
112,113,48,45
112,116,43,45
112,114,45,47
110,113,50,46
110,114,50,44
111,112,50,41
113,115,47,44
112,113,50,43
113,113,44,45
111,114,49,42
112,113,43,42
115,113,42,50
111,113,44,46
114,112,44,43
113,112,46,46
115,117,45,48
113,116,48,41
116,118,48,45
116,118,40,42
117,117,44,41
116,112,45,43
117,112,47,44
115,113,49,45
114,108,50,46
117,110,46,50
114,111,49,46
113,111,53,45
116,110,49,48
116,110,48,51
115,109,52,49
113,110,58,49
115,109,49,48
114,111,55,50
118,110,50,52
116,111,53,51
115,110,47,51
117,114,48,46
115,114,47,52
114,110,50,47
114,111,52,46
115,109,46,48
117,109,47,50
115,109,46,45
117,110,45,48
112,108,53,52
115,110,50,51
113,112,46,50
116,109,47,49
113,108,48,46
112,108,46,43
113,111,46,52
114,111,50,51
113,111,49,45
109,111,52,46
112,114,44,46
109,115,47,45
110,114,48,50
111,114,46,47
111,112,50,49
108,111,50,53
110,112,48,49
110,111,48,46
108,112,54,48
109,111,48,47
108,111,55,49
107,112,49,52
106,108,53,53
107,111,51,50
105,113,54,52
107,113,48,51
105,115,52,52
105,115,47,52
107,115,51,48
103,114,57,51
106,109,50,55
109,113,52,55
105,107,53,50
108,108,52,53
106,110,50,50
107,114,51,54
105,112,49,52
107,114,54,52
107,111,51,56
108,116,52,53
105,110,51,52
105,111,54,55
104,112,52,51
107,113,52,58
108,111,54,52
108,109,47,56
107,111,52,60
103,112,57,57
107,111,51,59
107,113,49,51
107,110,46,57
107,112,52,58
106,112,49,51
107,115,52,51
106,113,51,57
107,114,48,51
107,113,47,55
105,108,49,59
103,110,53,58
104,109,46,61
107,110,53,59
106,112,53,54
104,112,51,56
106,109,51,60
107,108,50,58
105,110,47,53
106,110,50,53
103,114,48,53
105,113,52,55
106,112,52,56
106,110,47,50
105,112,45,53
107,111,43,52
105,110,50,53
105,110,52,54
104,112,50,53
104,109,44,58
105,112,49,56
103,112,52,58
106,111,50,51
103,111,52,55
104,113,51,51
105,111,44,53
104,110,50,54
105,113,51,53
103,113,50,54
102,111,44,56
105,114,48,50
105,111,44,51
101,115,44,51
105,113,47,48
102,112,46,50
104,114,42,45
105,114,44,47
104,113,49,48
104,112,44,44
103,114,43,50
105,112,46,44
106,112,43,52
102,111,48,52
107,115,46,47
106,114,46,46
106,114,47,50
104,114,46,45
104,114,44,45
106,113,48,54
105,113,49,49
104,114,48,53
103,112,51,50
107,115,47,52
104,113,47,52
107,112,46,52
105,113,50,52
109,113,48,50
106,113,43,50
105,115,50,41
107,114,48,49
109,116,48,45
108,114,42,44
109,115,50,47
109,112,44,46
112,112,45,49
111,116,42,42
112,117,43,41
108,117,43,46
113,114,44,48
114,113,47,42
111,114,44,44
113,116,45,43
112,116,47,46
112,114,47,44
112,115,45,42
115,115,47,44
115,114,45,42
115,115,49,41
116,114,46,42
114,115,41,44
113,115,45,40
114,115,43,48
116,114,50,46
115,117,44,45
117,116,48,44
115,118,41,42
116,116,43,41
114,119,47,43
118,118,41,41
116,116,47,40
119,115,43,47
118,118,42,44
119,116,40,40
119,117,42,39
117,117,44,41
117,119,44,47
116,118,45,41
117,119,44,44
117,116,46,43
117,118,43,43
116,115,45,44
113,117,49,47
114,115,45,47
116,117,42,45
116,116,46,45
116,117,42,46
114,116,41,45
117,118,46,43
114,117,46,44
115,116,47,44
115,115,47,48
112,114,45,50
112,114,44,51
114,115,45,45
111,112,53,53
114,113,46,46
109,114,53,45
113,110,52,47
109,112,54,54
109,113,51,48
113,111,43,46
112,113,51,49
110,110,46,47
111,109,44,50
113,111,47,53
111,113,44,46
109,108,50,47
110,110,48,47
110,111,46,49
109,111,48,53
109,109,46,53
111,110,48,51
110,108,47,49
111,110,51,48
109,110,48,48
109,110,44,50
109,108,51,48
107,107,50,52
109,108,48,49
110,109,46,53
109,109,47,47
107,110,51,54
109,108,50,56
106,109,52,47
110,106,48,50
110,106,44,50
109,108,50,47
106,108,45,53
107,108,47,48
108,108,46,47
108,111,47,45
107,110,46,45
106,109,50,50
107,110,48,47
109,108,48,43
105,109,44,51
106,109,45,47
107,108,48,48
106,109,42,50
107,108,48,49
108,108,44,46
107,109,47,46
104,109,50,48
105,108,46,46
106,108,49,45
107,107,49,44
106,108,48,47
106,109,46,49
101,110,45,46
105,111,43,46
106,111,47,48
102,109,47,45
103,111,47,47
103,113,49,47
102,114,48,46
103,112,44,47
100,115,50,51
101,113,46,49
99,114,45,48
99,113,46,50
99,114,45,48
100,113,44,48
97,114,49,47
98,113,43,53
96,116,51,49
98,112,50,47
98,113,50,48
95,113,51,47
95,114,49,48
94,114,47,50
96,114,44,44
96,115,50,44
97,112,42,48
94,113,46,48
93,111,51,47
94,114,44,49
93,114,47,43
93,110,47,45
95,112,44,44
93,110,43,44
92,114,43,41
94,111,46,41
94,110,48,41
91,112,43,45
93,111,44,41
93,109,46,45
91,112,48,43
94,114,44,46
91,114,47,43
93,112,44,40
91,110,45,46
91,113,43,42
89,114,42,44
90,114,44,44
91,111,43,48
92,110,45,45
89,112,45,46
90,112,43,42
90,115,40,44
90,113,46,44
89,114,46,41
90,113,46,42
91,110,44,40
91,113,45,37
90,112,45,45
90,112,44,38
89,109,41,43
87,111,47,45
91,112,41,46
90,111,44,47
88,112,40,43
88,111,45,44
90,108,41,41
89,109,48,42
89,112,42,41
87,112,49,46
89,108,44,44
89,112,45,45
88,109,46,44
90,112,39,41
88,110,42,45
88,111,41,47
91,111,41,44
91,110,40,42
89,110,48,43
90,114,40,44
91,114,46,45
87,114,44,43
89,113,47,48
91,112,43,46
89,110,48,49
89,111,45,44
91,110,45,51
88,112,44,45
90,110,50,48
89,108,46,55
87,113,47,50
89,112,43,51
86,109,45,47
87,111,46,51
88,110,42,52
89,109,44,51
87,110,44,53
86,110,44,50
88,110,46,53
87,109,47,48
88,110,43,46
86,111,46,48
89,113,45,49
88,109,45,52
86,111,47,48
85,112,49,46
89,111,46,46
89,114,42,52
87,112,43,46
88,113,47,46
89,111,42,46
89,111,48,45
89,111,47,51
89,108,45,48
87,109,48,46
86,113,41,52
89,108,46,51
86,111,42,45
87,110,48,48
86,113,45,44
87,112,47,43
89,114,45,46
89,113,41,49
86,110,47,44
88,111,46,45
88,109,49,46
85,111,47,49
88,109,43,50
86,112,43,47
86,108,50,45
84,112,51,44
86,110,48,52
85,109,47,52
87,109,46,50
86,106,48,56
87,109,48,53
84,105,47,52
86,104,47,56
88,107,45,53
83,106,53,49
83,108,52,56
85,106,46,52
85,108,52,55
86,109,48,58
87,108,52,54
85,108,52,51
84,106,53,55
84,104,45,58
83,109,53,54
84,105,53,54
85,105,51,49
86,107,54,53
84,105,45,50
83,108,51,50
84,106,47,50
85,106,47,51
85,108,50,53
84,104,51,51
83,106,51,52
83,108,53,57
85,106,50,54
81,104,49,54
82,103,52,57
80,105,51,58
82,104,48,58
82,109,48,48
82,105,46,52
81,106,49,47
79,108,49,50
80,108,52,52
82,107,48,48
80,109,49,53
79,109,49,51
81,110,45,53
79,106,50,54
78,107,47,52
79,106,47,50
77,108,44,47
80,108,51,49
78,110,45,52
78,107,49,54
76,107,47,49
75,107,49,47
76,109,45,50
77,109,47,55
76,107,46,51
76,108,45,46
76,106,50,49
74,107,44,53
72,109,48,57
71,107,47,49
70,109,50,52
69,109,52,51
71,109,52,44
69,109,44,46
68,110,49,51
69,110,50,50
66,111,49,48
67,112,46,45
67,109,49,46
67,108,46,46
67,108,46,51
66,112,47,47
62,110,45,47
64,109,44,52
61,110,44,54
64,110,45,51
60,111,45,51
58,111,47,50
58,111,50,53
59,110,50,51
57,111,48,50
55,111,46,49
55,108,46,51
54,109,49,49
53,108,51,50
51,110,52,55
53,110,46,51
50,108,49,47
49,110,44,50
45,109,54,48
47,110,51,47
46,110,52,51
45,110,51,50
43,112,49,47
43,112,49,52
43,111,47,53
40,112,51,50
39,110,45,52
37,112,48,52
35,110,49,47
33,113,49,46
32,112,46,49
34,110,46,52
32,109,45,47
31,111,49,45
27,110,49,44
27,110,53,51
26,111,46,51
24,113,52,52
22,111,49,50
23,110,49,44
20,112,49,48
19,110,49,46
18,112,49,44
18,110,51,48
