146,150,32,73
147,149,36,71
147,151,31,71
147,152,30,76
147,151,31,69
149,151,35,69
147,150,29,69
147,153,34,75
149,151,35,69
148,151,33,75
150,150,31,69
147,154,29,70
149,152,35,75
150,152,31,75
148,151,31,70
148,151,34,76
149,152,34,76
150,151,29,75
149,150,36,69
149,150,34,70
147,151,29,75
149,150,34,69
150,152,29,69
148,152,33,71
148,152,36,67
149,151,32,71
149,151,30,68
151,151,35,69
151,152,33,73
152,151,28,75
152,153,31,71
151,151,33,74
154,153,30,72
153,151,33,71
150,154,30,74
151,154,32,73
148,153,28,73
150,156,34,73
148,155,35,72
148,154,35,73
147,153,29,72
146,153,28,69
148,154,33,77
148,152,33,72
149,153,30,75
146,155,30,73
149,153,33,73
147,154,31,73
149,154,28,74
147,152,33,76
146,153,32,69
146,154,30,70
146,155,30,69
145,156,33,73
147,154,33,70
145,153,30,72
147,153,29,70
146,156,28,76
144,155,30,73
145,154,31,70
144,156,29,72
144,155,28,74
144,154,33,72
148,156,30,73
146,158,29,72
147,155,33,67
147,158,30,66
146,157,34,66
148,155,35,67
147,155,33,72
148,158,29,70
147,157,31,72
148,156,33,71
145,155,31,73
146,154,31,68
148,155,32,73
148,156,35,69
146,154,33,76
147,156,31,74
147,155,30,75
147,154,33,68
148,156,28,70
148,154,34,74
149,155,30,74
149,152,33,71
148,153,34,74
148,154,33,70
149,155,31,74
152,152,34,74
152,155,27,68
150,155,34,68
149,155,27,72
150,156,33,68
153,154,34,70
151,156,29,74
152,157,32,74
153,159,31,67
152,156,32,73
154,156,29,70
154,160,33,71
154,159,30,71
152,158,34,72
152,157,28,72
154,157,29,71
154,156,34,72
155,156,29,76
152,158,34,73
154,157,31,68
155,157,29,76
154,154,34,70
155,157,31,70
155,157,28,75
153,158,31,74
156,158,35,70
154,158,30,73
153,158,34,70
156,156,30,73
157,157,33,71
158,156,31,70
158,158,33,73
158,154,30,75
157,155,29,69
154,155,30,76
155,157,35,71
156,155,29,76
155,154,29,71
157,155,34,71
153,156,31,71
155,154,34,70
154,154,35,75
156,157,28,73
155,156,32,76
155,156,30,76
153,156,32,72
153,153,30,75
154,155,31,77
155,153,32,77
153,151,29,72
155,151,34,75
152,152,31,74
153,155,31,73
152,152,35,73
151,154,29,73
153,155,30,68
154,152,29,72
150,151,32,73
152,151,31,69
152,154,35,76
152,153,30,73
150,154,34,73
152,152,30,73
150,154,35,71
151,152,34,72
149,151,28,71
149,151,32,71
147,154,31,74
149,152,35,75
147,154,35,74
150,155,29,76
150,154,29,71
148,152,34,74
147,153,30,68
145,154,31,68
148,152,37,72
147,155,33,71
148,153,36,75
145,152,31,74
145,156,31,68
146,153,30,73
149,154,30,74
145,155,29,76
146,154,28,71
147,155,32,75
147,154,28,72
147,154,33,76
146,153,29,75
147,152,34,74
148,154,31,70
146,153,34,69
148,151,35,72
148,151,32,71
147,154,34,73
145,152,28,75
148,154,31,76
148,154,28,72
149,152,29,72
149,152,33,71
152,153,31,69
154,151,35,74
156,149,34,73
159,149,31,70
162,147,31,71
164,147,33,72
165,146,31,75
169,145,34,81
173,141,32,79
173,142,35,78
173,140,33,83
174,137,32,83
172,138,29,78
173,136,29,85
168,137,36,82
167,136,32,80
162,137,31,79
158,135,34,79
155,136,33,78
151,138,33,82
142,135,35,83
140,136,36,78
133,135,38,76
130,137,37,78
122,137,37,77
119,136,37,81
116,134,34,83
114,137,33,82
110,136,33,84
110,139,35,77
108,141,31,81
106,141,34,78
104,143,38,82
106,143,34,85
106,145,37,81
104,149,35,80
107,150,33,81
107,152,29,81
109,152,30,79
112,154,33,78
109,157,33,78
115,159,32,79
115,159,33,81
113,161,32,76
115,160,34,81
114,160,35,78
112,163,29,82
114,161,33,83
112,163,33,78
111,163,33,83
108,160,36,81
108,159,29,78
104,162,32,78
103,162,31,77
102,162,36,76
99,161,35,82
94,162,38,75
91,161,38,74
87,160,37,77
83,159,31,81
83,159,38,80
78,157,37,79
73,156,39,80
73,155,37,82
66,156,39,84
64,153,34,82
62,151,40,84
59,150,38,86
57,147,38,82
55,146,35,85
55,142,40,85
52,143,40,89
52,141,41,87
50,139,37,87
52,140,35,89
51,139,35,92
51,138,37,91
53,137,36,89
56,138,41,93
57,138,37,88
56,138,35,86
60,139,36,93
65,137,40,95
72,139,37,87
75,136,41,88
80,139,39,91
85,136,42,93
89,137,41,92
95,136,38,94
100,137,40,89
103,137,41,93
110,138,44,86
112,137,39,89
116,139,45,91
122,140,43,89
125,142,44,89
127,143,42,91
129,144,38,85
132,144,36,85
134,144,39,83
139,144,38,87
139,145,37,85
145,147,39,81
144,149,39,80
148,151,39,81
148,148,33,83
148,151,40,86
149,152,35,84
150,153,39,84
152,155,35,79
149,154,34,78
152,157,33,80
152,159,36,80
148,159,33,77
150,160,36,80
150,162,38,78
149,162,32,84
147,165,33,84
143,162,37,81
140,166,32,83
139,167,38,82
136,166,32,83
133,171,34,79
127,170,37,82
125,172,37,76
122,171,37,82
120,171,33,81
118,168,37,81
113,167,37,80
110,167,35,82
108,168,35,81
104,167,35,84
101,168,36,80
96,167,35,83
92,167,36,82
89,166,38,82
86,167,32,81
82,166,37,82
81,165,31,83
76,164,33,81
73,161,34,83
72,161,29,81
70,158,37,80
65,157,35,83
63,153,36,79
62,152,36,85
62,153,30,80
63,148,31,82
62,149,32,79
63,147,33,82
64,146,30,82
69,146,32,81
71,142,32,82
74,143,33,79
76,140,34,77
78,140,33,79
84,137,34,83
87,136,37,83
91,138,37,79
97,134,32,80
100,132,32,83
108,132,35,77
112,131,35,81
119,130,33,85
125,130,38,85
131,131,37,84
138,133,39,80
143,131,37,78
149,133,36,79
153,133,35,79
161,134,35,84
168,132,33,83
175,131,39,82
184,132,39,86
189,130,41,91
196,128,37,86
201,131,38,83
203,130,40,89
211,132,39,83
216,134,36,81
219,138,38,80
222,136,35,84
227,137,37,82
227,138,39,85
228,142,37,81
230,141,38,88
228,145,34,82
228,148,39,83
223,150,40,86
220,149,34,87
217,150,39,80
214,152,38,80
209,153,35,84
201,154,39,85
196,154,38,79
193,155,38,85
189,160,30,82
181,162,31,73
176,163,33,73
166,162,40,73
159,165,42,73
154,164,37,82
149,163,38,78
140,164,36,75
137,162,35,79
129,163,40,81
123,161,34,81
114,161,41,76
109,161,38,79
105,158,40,73
101,158,34,79
96,154,38,76
93,149,33,79
86,145,34,81
85,142,34,84
82,139,36,79
80,134,32,84
81,132,29,82
80,128,30,79
85,127,31,77
88,125,30,80
89,121,30,79
95,117,31,76
97,115,37,81
102,112,37,77
110,106,31,78
116,106,30,73
118,103,35,74
126,97,37,76
130,96,33,78
134,91,34,74
139,91,30,73
143,86,36,78
144,84,32,81
145,79,33,75
148,76,35,80
151,73,35,77
152,70,31,84
154,69,30,83
154,64,34,85
154,61,31,77
154,59,33,78
153,55,36,84
151,51,37,82
149,49,33,83
146,47,37,82
143,47,37,82
143,46,39,79
137,48,38,81
136,48,33,83
134,52,37,77
130,52,31,75
127,53,32,77
123,56,33,74
123,57,35,71
117,60,34,73
114,65,29,77
115,68,31,76
110,71,29,71
108,73,27,72
105,81,28,71
103,84,30,71
103,86,29,72
102,92,30,76
97,95,30,75
97,101,29,79
99,102,33,76
95,105,30,77
95,112,30,72
95,115,33,78
96,120,27,82
96,125,30,73
97,131,30,76
98,131,31,79
98,137,36,79
100,141,29,77
105,142,32,77
104,145,33,81
104,146,32,79
108,145,30,75
108,147,35,74
107,152,34,80
110,153,33,71
111,154,32,76
111,157,35,77
108,160,35,76
110,159,38,74
110,160,32,72
112,163,33,77
112,165,32,72
111,163,35,80
110,164,37,79
110,164,33,79
110,162,36,81
110,162,35,75
110,165,33,78
112,164,33,81
111,163,37,80
110,161,39,79
109,160,32,80
111,162,34,77
111,162,35,82
110,161,33,86
107,162,37,78
107,160,33,80
105,157,33,82
106,157,32,83
104,156,35,78
104,156,32,79
104,154,34,80
101,151,35,80
101,150,38,79
99,150,38,80
98,148,41,82
96,147,35,82
96,145,42,88
96,142,36,84
97,141,40,88
94,135,36,85
94,136,36,86
95,132,41,90
90,128,40,90
92,124,42,96
89,123,37,89
89,117,40,96
90,114,38,91
94,112,42,94
94,109,41,97
101,108,40,94
105,109,42,96
108,104,48,96
117,108,44,98
123,109,45,98
129,114,43,92
138,111,51,99
147,116,47,97
152,119,48,97
161,120,43,89
169,121,41,96
174,121,46,96
179,118,47,97
186,122,43,107
188,124,43,105
188,126,38,99
190,126,38,104
191,127,42,101
191,131,42,102
193,132,43,96
192,135,38,98
190,137,39,92
189,139,41,97
187,142,39,95
184,147,39,91
179,150,40,86
178,151,39,88
174,155,38,87
170,159,36,84
164,163,40,83
164,165,38,83
159,168,38,86
155,171,40,85
156,171,40,85
154,171,44,82
149,173,39,82
145,176,43,83
146,180,36,83
146,181,38,80
144,181,39,85
144,181,34,86
144,185,38,85
138,183,38,82
134,185,37,77
130,181,37,78
126,181,42,83
120,181,37,84
119,180,40,78
119,186,43,82
116,180,33,82
117,179,34,80
116,181,37,80
114,181,33,78
116,182,32,79
119,181,40,75
120,183,38,79
124,181,35,81
126,181,33,76
126,184,37,74
128,186,35,78
129,188,41,75
133,189,38,77
134,191,36,76
134,191,40,74
137,193,40,71
140,194,41,79
143,195,42,75
148,195,37,70
153,192,40,71
155,191,42,75
162,193,36,71
166,194,40,73
171,192,38,71
174,193,31,72
177,188,33,75
181,189,32,71
181,184,33,69
185,180,36,70
184,174,36,70
185,174,29,73
186,173,35,79
185,171,30,76
187,170,36,78
184,167,31,72
185,164,32,74
184,164,35,79
181,162,31,79
181,162,33,75
177,162,39,72
173,164,39,76
170,163,35,76
167,164,37,78
162,165,41,73
156,164,45,74
153,165,39,76
149,161,43,82
147,164,38,82
144,165,35,76
141,169,39,84
141,169,37,81
140,171,40,80
143,171,37,80
142,175,37,80
143,177,37,84
147,181,40,78
147,183,33,76
148,187,35,79
151,188,36,83
153,188,34,75
152,191,40,75
153,188,34,76
157,189,37,76
157,192,40,77
159,192,40,78
162,191,41,75
167,193,36,74
166,192,40,78
172,194,40,76
172,190,34,72
175,192,38,74
178,188,38,78
180,186,36,72
186,187,38,72
188,186,35,75
192,184,34,75
196,182,38,77
201,181,37,80
200,180,36,81
205,176,33,80
208,177,40,83
210,176,38,74
212,173,36,82
215,174,38,79
220,173,41,82
223,169,37,80
225,167,37,84
224,164,35,81
227,166,39,82
227,161,33,80
226,162,33,87
229,161,40,81
230,161,38,79
229,160,37,85
230,159,37,83
234,159,34,85
234,155,40,81
237,156,35,83
236,154,37,85
239,154,38,85
239,151,40,79
239,149,35,86
240,150,33,84
240,149,34,86
243,148,33,87
242,145,39,85
239,144,38,85
239,143,37,84
233,142,40,84
234,139,40,85
228,139,40,91
226,138,37,86
220,137,42,85
217,133,45,91
212,135,44,88
209,130,47,94
205,128,42,92
202,127,43,92
195,125,43,94
190,127,44,88
184,128,42,91
179,125,42,92
175,124,40,86
170,128,38,91
162,127,44,90
157,124,47,89
153,126,46,91
147,123,48,90
145,124,43,93
137,123,45,87
133,122,42,86
132,121,45,90
126,123,43,94
124,121,42,93
124,121,39,90
121,120,39,89
118,122,38,88
116,123,35,88
115,125,35,88
115,126,38,92
113,127,39,87
115,129,36,87
115,134,37,89
114,134,38,90
117,137,39,84
116,137,39,83
121,141,39,84
122,143,41,87
123,143,38,84
125,145,37,87
131,151,35,86
130,151,39,88
136,156,36,79
138,160,37,84
141,163,35,83
144,165,36,80
145,165,39,77
149,165,36,78
152,166,35,79
154,165,40,79
154,163,35,79
158,161,40,78
160,161,35,82
161,158,35,83
162,155,35,78
167,151,40,77
170,146,34,79
173,141,34,77
176,140,36,84
176,133,32,79
179,126,36,87
182,119,31,86
180,114,36,80
184,112,34,83
182,108,32,85
181,101,31,82
184,95,29,80
185,89,32,79
181,83,32,81
181,78,38,81
179,71,35,82
177,69,37,83
177,65,33,85
171,60,38,81
170,58,36,78
167,52,39,84
161,51,39,84
156,52,36,77
154,48,37,83
147,49,38,87
142,51,41,85
139,51,42,84
133,54,42,85
131,52,37,86
125,54,40,87
122,56,38,85
115,62,39,86
113,61,43,83
108,66,40,90
104,67,39,86
102,72,39,89
102,79,40,89
102,79,42,95
101,87,36,91
100,94,40,92
98,98,40,89
100,102,37,90
101,107,38,93
100,113,37,97
100,121,41,98
104,128,38,91
102,130,35,95
105,134,42,95
105,138,39,98
109,144,41,91
108,149,38,93
111,150,41,95
114,153,39,92
118,159,42,88
121,160,43,93
126,165,43,88
125,168,39,91
130,173,44,92
133,175,47,94
135,176,44,90
139,178,45,95
143,181,42,89
148,181,44,88
150,183,44,90
153,186,42,85
161,184,43,87
164,186,44,81
169,183,38,86
174,182,39,88
175,181,38,83
178,179,41,90
180,176,39,86
186,175,37,85
188,172,41,89
191,168,41,87
191,166,35,88
192,162,32,86
192,160,35,89
191,158,32,82
195,154,37,85
194,155,35,79
195,151,37,87
194,145,38,88
195,138,37,87
194,135,33,88
196,131,35,87
194,127,33,80
192,122,39,84
189,120,35,85
186,117,38,79
186,112,35,83
179,112,40,84
178,107,37,83
172,106,39,87
168,105,36,88
167,106,37,82
165,109,37,83
161,111,40,85
160,116,41,88
158,123,40,92
158,130,42,88
155,133,39,88
154,140,35,85
153,141,36,86
152,136,38,89
153,131,42,87
156,122,38,93
152,114,40,87
155,107,38,94
154,103,34,89
154,99,41,87
150,95,47,94
148,97,40,94
144,99,46,96
140,102,44,89
137,109,41,90
135,114,44,96
130,118,42,93
132,126,41,86
129,130,36,87
129,129,42,96
130,129,40,91
128,128,44,89
130,119,38,96
132,115,40,94
129,111,37,96
129,102,37,95
130,98,41,100
126,94,39,98
127,92,45,100
126,90,41,101
125,89,43,98
124,96,37,95
126,98,37,98
126,107,42,95
128,113,41,96
131,120,47,97
133,124,44,101
134,127,44,95
138,125,48,102
140,126,46,101
145,122,50,101
149,115,43,96
151,109,42,96
156,98,50,101
155,91,50,103
161,80,45,103
163,74,48,109
162,67,44,106
163,61,43,110
160,58,50,113
159,60,51,115
158,62,46,115
157,69,49,113
156,79,45,116
155,81,48,119
156,88,50,111
157,87,53,120
156,91,48,116
161,91,54,124
162,89,51,123
162,83,53,125
166,75,51,124
168,73,49,123
168,66,52,128
163,62,49,119
161,54,54,123
161,52,54,133
156,53,53,128
156,63,56,127
155,72,54,127
152,78,54,127
153,91,50,125
156,98,53,128
155,103,55,132
154,103,55,132
155,102,56,135
158,97,56,139
159,93,58,140
163,85,54,137
162,78,53,137
162,70,56,141
159,62,53,134
154,56,65,142
150,48,62,144
145,46,65,149
143,41,65,154
142,46,67,152
140,55,59,143
142,60,61,146
139,61,64,149
141,71,62,146
144,78,64,149
143,82,60,145
145,84,60,149
148,87,63,151
149,88,62,153
152,88,64,152
155,90,64,153
158,87,65,154
163,87,66,149
169,84,69,155
174,81,70,149
184,80,76,153
190,74,70,146
200,69,72,151
211,65,73,147
216,64,65,145
227,60,61,144
230,61,63,139
236,63,61,139
235,68,61,138
236,67,64,138
231,69,57,140
230,72,59,136
221,78,63,135
219,83,60,138
213,85,62,131
205,89,64,130
197,97,65,134
192,100,58,129
184,103,56,128
178,108,58,121
171,115,55,123
163,120,57,120
157,126,56,115
153,132,55,115
147,135,58,113
143,138,61,113
143,140,55,117
143,148,58,115
141,147,54,111
144,151,57,107
144,156,55,107
147,157,54,108
149,162,52,104
154,162,54,103
158,162,52,106
162,163,45,103
163,161,47,100
168,162,48,100
170,161,47,100
174,157,43,102
175,158,50,101
179,152,47,104
181,149,48,105
185,147,49,107
187,140,42,105
186,139,45,106
185,132,41,108
185,129,45,103
187,128,43,98
183,126,42,94
182,118,43,96
177,116,42,95
172,111,42,92
171,108,43,94
163,104,49,94
161,104,50,95
155,101,51,100
151,102,49,98
150,101,48,99
146,103,46,99
143,103,47,100
146,103,44,100
145,105,49,95
144,107,42,97
147,109,45,100
146,109,40,97
147,113,42,95
149,115,43,95
148,116,42,95
152,118,41,92
154,121,39,94
155,121,46,94
157,125,42,91
161,129,40,86
166,129,39,84
169,130,43,85
179,129,41,83
181,132,42,84
189,130,44,86
194,130,43,88
201,131,41,86
203,133,38,85
209,132,46,88
216,130,40,84
219,133,46,79
226,130,48,82
230,129,43,83
234,128,44,85
237,126,38,85
239,126,38,87
237,128,40,83
239,127,42,84
238,128,43,83
233,128,38,88
232,125,44,82
226,126,41,81
223,127,39,85
217,127,44,85
210,127,47,85
208,127,42,89
202,129,37,83
197,126,37,82
189,127,41,78
184,128,39,78
176,131,43,80
171,131,47,76
163,133,40,77
157,130,43,80
150,131,49,81
143,133,46,83
138,131,49,80
135,135,48,85
130,135,47,80
127,136,40,82
121,140,48,78
118,139,40,84
115,141,39,79
113,142,43,78
109,146,38,82
107,148,45,80
104,148,37,82
104,151,37,83
105,156,41,79
105,157,37,78
107,157,37,78
106,159,37,75
110,161,42,79
112,162,43,79
112,165,38,78
114,168,40,74
120,168,42,77
124,171,44,78
126,170,43,80
130,172,43,80
136,175,42,74
140,177,42,72
148,180,43,74
151,179,40,77
156,178,44,78
161,180,44,71
165,178,42,70
170,181,39,76
178,179,35,69
182,180,40,70
191,176,38,71
196,176,32,71
201,175,31,77
206,171,37,74
214,173,34,78
219,172,42,76
221,169,39,79
230,168,40,78
236,168,40,73
241,166,41,71
248,163,35,72
248,163,40,71
255,161,38,72
257,158,38,70
263,158,36,78
262,156,37,73
266,154,33,75
268,150,38,76
272,150,38,75
271,150,34,76
272,147,34,80
273,144,36,77
271,142,36,79
271,141,39,81
273,138,33,78
269,136,36,80
266,133,39,76
261,133,40,79
259,134,40,81
254,132,40,77
252,134,36,78
247,134,36,77
242,131,39,78
236,132,40,79
234,131,40,80
230,135,39,83
224,134,39,82
221,134,43,80
213,132,37,83
210,136,43,78
203,134,43,81
198,134,40,80
193,138,39,80
188,135,33,76
183,139,36,76
176,137,42,78
171,139,36,78
167,138,42,75
163,139,40,77
157,140,35,72
155,138,34,74
151,140,38,73
144,142,39,79
143,142,33,74
141,143,32,78
139,145,32,77
135,144,39,82
132,149,33,83
131,147,36,81
131,151,37,83
131,151,34,81
127,152,31,81
127,156,36,79
128,160,36,85
127,162,35,82
130,163,34,81
130,166,31,80
132,168,37,76
132,168,39,77
133,172,34,80
136,173,38,77
141,174,37,80
143,175,42,75
150,176,40,74
152,177,42,76
157,176,45,78
161,175,44,77
163,174,46,75
169,176,41,76
171,174,44,73
173,173,42,70
182,173,35,78
184,172,40,76
188,172,33,71
189,169,34,77
192,167,36,75
194,164,37,71
196,161,37,72
198,159,34,77
201,157,34,81
205,150,33,80
208,148,36,79
207,143,31,85
211,142,37,79
212,136,32,79
213,131,31,80
215,127,37,79
215,123,33,76
213,120,37,73
213,115,30,80
213,111,30,74
212,105,35,77
211,101,29,74
211,97,31,75
211,94,29,73
209,89,32,76
207,82,36,77
204,80,38,75
199,77,36,72
192,70,37,78
189,71,34,78
183,70,37,77
177,67,43,76
171,66,40,77
163,67,41,79
160,68,43,81
154,72,40,79
145,78,36,80
141,83,37,75
135,85,39,79
130,89,39,82
126,97,41,80
123,103,36,80
118,111,38,82
114,114,40,86
111,120,35,76
110,127,36,81
107,130,36,80
105,139,37,85
105,142,37,80
107,149,38,86
105,154,36,80
107,157,39,79
111,161,37,85
112,164,40,84
115,167,38,83
117,167,44,83
119,169,37,78
123,170,38,83
127,171,42,85
131,175,41,78
132,177,38,80
135,177,39,84
139,178,42,81
143,178,42,83
143,179,39,87
147,179,41,81
153,179,43,85
155,184,43,79
156,181,45,80
159,186,44,79
162,184,45,83
161,184,39,80
163,185,43,85
165,184,40,84
165,182,39,85
165,182,44,86
162,179,43,90
162,179,41,87
163,179,41,90
164,175,44,91
163,172,40,92
159,170,43,89
159,166,40,91
161,161,45,92
161,158,46,87
162,153,44,90
163,148,40,88
162,143,45,85
162,138,40,90
165,130,40,93
163,124,39,94
165,117,40,91
167,116,39,93
166,111,43,90
167,105,44,89
168,103,37,93
170,98,38,92
172,96,37,94
169,94,39,93
172,90,41,96
170,89,44,92
172,89,44,90
173,89,40,97
175,90,40,98
172,91,43,95
172,93,44,90
171,93,39,94
172,96,38,91
173,96,44,87
172,96,40,89
172,99,45,93
169,100,39,86
168,101,42,91
169,104,38,84
169,108,39,91
168,108,42,89
164,112,45,87
164,113,40,90
164,115,40,88
164,118,43,91
161,124,43,85
159,125,39,86
159,128,36,83
160,132,42,85
157,132,44,83
158,137,42,83
159,138,42,80
159,139,43,84
156,145,43,82
159,145,36,81
157,148,36,85
158,150,36,86
159,150,40,83
162,153,40,82
161,158,41,85
161,161,41,84
162,160,39,82
164,164,40,83
164,165,38,85
165,165,40,82
167,165,41,83
167,164,45,83
168,163,40,87
170,164,39,85
168,160,39,90
172,160,41,84
172,160,46,87
173,160,42,86
177,156,45,84
182,159,37,87
185,153,41,91
187,154,36,84
191,151,40,90
197,147,38,88
199,143,35,93
203,142,42,94
204,141,37,94
208,140,44,93
210,137,45,90
215,137,44,96
219,136,42,94
221,133,40,93
226,133,38,95
225,133,42,94
229,136,40,93
233,133,42,95
236,134,44,100
236,133,41,98
240,133,44,94
241,134,41,98
245,133,42,92
245,132,38,94
245,133,42,92
245,134,39,88
243,132,37,95
243,131,43,90
244,131,41,90
240,132,37,92
238,132,40,91
235,136,40,87
236,134,43,86
234,136,38,87
230,137,41,85
230,137,38,89
229,133,38,88
224,136,38,87
222,138,42,91
219,137,36,89
213,140,42,95
211,142,36,91
208,144,34,84
205,148,40,87
201,148,38,86
193,147,40,80
189,150,40,78
187,152,37,80
184,152,36,83
177,153,36,84
175,153,38,79
174,150,42,83
169,153,43,82
168,155,41,81
164,156,37,81
162,153,39,82
159,153,40,83
158,154,43,81
157,156,39,85
153,155,42,79
150,153,43,85
146,154,39,83
143,152,39,85
141,150,36,88
139,152,40,86
138,153,39,84
139,152,39,81
134,154,36,82
134,149,37,89
133,151,39,85
132,152,36,84
132,153,33,87
131,155,34,86
130,151,41,88
128,151,40,82
127,149,37,87
129,149,38,89
129,150,40,90
129,148,39,85
135,146,45,95
137,145,40,91
137,143,44,92
142,145,41,88
144,145,44,88
148,145,49,85
157,143,43,88
160,145,49,90
168,143,48,86
172,144,42,84
178,143,47,90
180,141,42,91
186,136,45,94
191,134,42,90
198,135,39,96
202,134,46,94
209,128,42,94
214,129,40,102
216,126,44,96
223,127,43,97
225,124,41,98
230,125,42,100
235,126,49,101
238,128,43,101
243,126,44,96
246,127,47,96
246,125,47,97
248,125,48,99
253,124,50,101
256,125,46,106
255,126,48,103
259,124,48,103
258,122,49,105
256,121,48,103
256,117,43,104
254,117,46,100
249,111,46,101
244,110,50,98
242,107,52,104
235,110,46,106
229,110,51,100
222,108,57,103
219,108,55,107
213,109,51,102
206,109,48,104
200,110,51,109
192,107,46,103
187,111,49,97
183,112,46,95
172,113,51,95
166,116,54,97
156,115,57,100
151,113,59,97
147,115,51,104
140,117,58,104
138,116,55,102
131,118,53,104
130,121,50,100
124,121,49,103
120,122,47,98
112,124,51,95
109,121,44,99
107,125,44,103
104,123,46,102
105,126,44,103
101,123,46,101
99,129,41,99
99,126,44,98
99,129,39,97
104,129,42,92
104,130,44,97
106,130,45,99
109,133,44,96
111,137,43,89
116,135,37,93
119,141,38,90
118,143,42,92
120,144,39,88
118,149,41,86
116,151,40,86
114,153,44,93
112,153,42,88
110,155,49,86
107,157,42,88
103,160,41,91
99,160,46,82
96,159,40,87
94,160,42,83
95,162,43,87
95,160,40,80
95,163,41,84
96,162,42,85
100,164,46,87
100,160,44,83
103,160,40,82
106,161,42,91
110,165,46,84
114,165,43,86
119,167,46,84
127,171,42,89
131,173,43,89
140,174,40,85
145,176,43,81
148,178,45,84
154,178,42,82
163,181,44,81
168,182,44,77
172,180,45,78
180,179,45,79
186,180,39,80
191,178,41,81
198,172,41,81
201,170,38,86
207,168,41,87
213,164,42,89
218,163,43,89
222,158,44,91
227,156,38,88
230,153,45,86
233,149,46,91
240,150,45,83
244,147,46,83
247,144,41,86
250,140,37,85
251,136,36,89
252,132,37,90
252,131,37,84
249,129,40,88
248,124,41,85
247,121,39,88
244,118,43,89
238,118,43,91
234,116,38,93
229,112,40,94
226,114,44,90
221,114,45,88
216,113,46,92
210,115,43,93
202,117,41,94
199,119,39,87
191,124,41,88
184,125,43,87
183,126,36,85
176,129,41,90
172,135,39,84
170,135,37,87
168,138,36,87
168,142,38,90
169,146,35,90
170,148,41,92
169,153,38,89
171,154,35,92
173,158,41,94
175,162,43,88
180,167,39,86
184,171,43,84
187,174,42,87
188,171,41,84
193,173,39,90
196,172,39,90
195,173,34,88
200,171,36,85
201,168,35,89
201,164,38,88
201,162,33,85
202,158,38,90
204,153,39,92
205,146,36,92
205,139,38,89
205,135,33,88
203,129,33,90
202,124,36,92
203,119,36,97
201,113,33,89
201,111,36,86
200,107,36,90
200,102,34,89
197,99,37,92
197,96,35,90
192,90,36,89
190,89,37,89
185,86,43,91
178,80,41,93
174,78,42,91
167,75,48,97
160,72,42,93
154,71,45,96
150,67,46,100
142,71,47,93
132,66,45,105
128,69,43,101
121,68,45,106
117,68,50,103
112,69,46,104
101,68,47,107
98,73,44,106
90,71,52,108
83,74,46,112
77,79,46,109
73,79,47,109
69,81,45,109
65,84,49,119
60,86,50,112
58,90,48,116
58,95,47,114
58,96,46,116
61,101,47,118
63,104,50,112
64,109,52,115
72,113,53,114
78,120,53,115
83,123,54,110
93,128,48,109
100,133,51,107
108,138,54,108
118,141,54,104
131,145,50,102
141,147,51,106
150,149,55,105
160,150,57,102
170,155,51,100
184,158,50,98
195,156,47,100
202,155,50,104
213,157,50,107
222,159,50,107
227,160,48,107
233,157,48,104
237,160,49,108
243,157,47,111
244,158,42,102
239,156,45,109
237,158,48,99
231,160,45,98
226,158,42,105
220,155,46,104
213,157,45,100
206,156,46,100
203,154,49,102
194,155,45,92
187,154,42,96
180,157,44,87
172,157,48,92
164,156,44,91
161,155,49,96
157,154,45,93
150,155,44,91
147,160,43,90
145,159,38,99
143,162,41,92
140,166,37,95
142,171,37,94
142,178,38,88
143,183,36,87
147,188,43,88
152,194,36,81
157,200,37,84
161,206,40,75
165,208,42,75
168,214,44,82
174,216,42,73
182,215,41,78
189,215,41,80
194,216,40,78
198,213,40,78
205,211,45,81
213,206,43,84
215,205,44,81
222,201,44,85
227,201,38,80
233,194,39,90
238,189,38,89
239,185,42,89
245,181,36,88
247,176,37,88
247,177,41,84
247,172,35,84
250,169,34,90
252,161,35,90
251,161,34,88
250,158,37,83
250,154,39,87
250,148,36,84
250,145,40,88
247,140,40,89
249,135,42,86
246,133,34,87
247,127,39,89
244,124,42,94
242,120,38,93
239,117,38,90
233,117,40,92
229,113,41,87
229,111,39,93
223,107,39,90
219,105,41,95
211,103,44,94
209,101,38,95
203,102,43,92
196,100,38,90
192,102,38,94
185,99,45,93
180,100,46,97
179,97,43,97
175,100,44,95
169,105,40,94
167,104,40,90
163,105,42,94
159,110,38,95
157,114,39,91
154,115,36,92
154,122,39,96
154,126,35,95
154,131,37,96
154,133,38,90
155,136,38,90
153,141,38,88
152,144,38,93
152,145,40,92
154,149,38,94
153,150,35,87
152,156,40,86
151,157,36,89
154,158,39,91
155,161,40,84
155,163,38,85
156,170,36,88
156,175,35,81
158,178,40,86
161,185,42,87
162,189,35,78
164,196,42,77
169,199,41,79
172,200,39,76
175,202,38,74
180,204,39,79
185,206,37,77
188,207,37,80
196,204,35,76
196,200,36,84
201,194,38,79
207,191,41,81
212,184,36,84
208,177,39,89
213,167,35,91
212,162,37,92
211,153,33,86
205,148,36,83
203,137,39,88
199,133,38,84
193,129,34,82
187,125,38,78
182,121,37,78
176,113,40,80
169,113,47,79
163,110,40,79
153,110,48,84
146,110,43,85
139,109,42,85
135,113,46,81
126,113,44,82
120,114,42,87
115,117,42,85
108,118,44,89
103,123,42,84
99,127,41,86
97,131,42,90
96,131,39,90
97,134,39,93
94,137,41,88
96,138,40,91
96,143,33,94
98,146,35,91
99,148,39,83
100,150,39,86
105,150,42,86
107,154,37,83
109,155,40,82
115,157,41,88
118,159,41,84
125,162,44,82
129,160,45,81
132,159,45,84
137,160,39,82
144,163,43,83
148,165,45,78
155,162,45,82
159,165,39,77
168,169,43,80
174,168,44,79
179,173,39,74
190,174,37,81
192,174,40,79
200,171,37,86
208,167,43,89
212,168,43,86
216,169,43,88
222,168,41,86
227,168,43,84
231,163,39,91
234,165,40,87
236,162,40,87
239,161,37,90
241,162,42,88
243,158,35,88
243,159,36,83
245,159,41,88
243,159,42,84
245,159,39,85
245,159,39,78
242,153,41,80
245,154,40,85
244,151,38,85
241,149,41,83
240,148,39,88
241,148,42,84
241,146,39,83
240,143,40,84
239,142,41,86
236,144,44,84
233,142,46,87
231,136,41,89
227,135,47,92
226,134,45,89
222,133,46,93
220,136,42,91
216,134,48,94
213,132,44,92
205,132,44,89
202,130,43,94
199,129,45,87
196,130,40,88
193,129,41,92
188,130,46,94
183,129,44,87
179,131,40,87
173,133,48,88
169,131,44,91
164,131,51,91
158,130,43,91
153,131,43,87
150,133,46,90
143,134,50,90
140,132,47,92
137,135,47,99
135,134,46,93
136,136,45,100
132,136,48,94
132,139,47,96
130,139,41,96
128,144,45,92
128,146,44,92
125,149,42,99
127,154,40,96
126,157,39,96
130,161,40,94
128,166,43,95
132,170,40,94
135,177,44,92
135,178,41,87
139,181,44,91
141,187,43,83
146,188,42,84
148,187,48,85
153,187,48,84
158,188,47,84
163,188,47,84
167,184,47,85
171,182,37,77
177,180,34,81
184,175,35,81
188,169,36,79
190,164,39,85
195,159,34,79
199,154,33,84
199,149,36,86
202,143,39,91
203,140,37,87
200,137,31,85
199,132,34,84
201,128,38,88
196,127,39,88
192,125,36,84
191,119,39,84
187,119,38,88
181,122,43,82
172,120,43,80
164,124,42,82
155,125,45,80
145,125,42,81
139,125,42,82
131,125,41,82
123,123,43,89
116,122,46,88
108,123,43,88
102,121,40,89
97,120,45,92
87,123,43,90
79,118,41,96
78,118,42,90
72,116,47,93
70,110,43,101
67,111,44,97
66,110,39,103
63,104,42,102
66,103,40,105
70,103,45,99
74,104,43,99
78,103,46,98
83,102,43,95
88,102,48,99
98,101,46,104
108,103,52,103
117,101,53,102
125,105,49,101
138,105,47,96
149,109,52,92
161,113,52,99
175,111,49,99
183,113,44,98
190,115,47,105
198,119,42,102
205,121,40,100
206,125,43,109
208,131,39,104
207,131,47,109
204,136,42,108
200,138,44,104
195,140,42,107
188,142,50,107
183,140,47,109
175,139,47,107
170,141,47,106
164,137,49,111
155,134,49,109
150,132,53,115
142,128,48,116
136,127,56,115
133,121,52,120
128,119,50,115
123,116,54,117
123,108,50,123
120,101,52,124
122,96,51,125
119,93,53,130
122,89,49,127
119,86,52,130
119,82,53,131
121,79,52,128
121,74,56,131
121,70,60,134
126,69,56,132
123,63,56,140
127,59,60,140
130,59,63,133
138,60,60,140
141,55,60,139
148,57,59,140
149,56,65,140
158,60,65,140
161,58,64,139
169,58,64,144
177,60,63,139
184,61,63,142
192,64,64,138
199,65,68,142
206,69,66,139
214,76,61,136
218,79,57,133
224,81,57,133
230,86,58,135
234,92,51,132
230,93,57,131
231,99,55,128
228,102,53,134
226,105,56,137
220,106,60,130
215,111,54,131
207,112,57,132
202,115,63,129
194,119,64,129
186,122,59,126
181,124,57,122
174,128,56,118
164,128,55,114
158,134,58,115
148,136,57,111
141,134,62,115
135,136,64,120
127,135,61,118
121,134,61,116
118,135,64,114
113,136,55,119
106,138,57,114
105,139,55,115
104,138,55,117
103,138,48,109
100,137,51,114
99,138,43,107
102,135,50,109
103,135,45,108
105,136,48,107
108,140,50,108
111,140,48,109
115,139,52,104
119,141,51,101
122,142,47,100
130,139,47,104
135,143,51,99
142,142,50,94
145,145,52,95
150,142,48,98
157,141,52,92
163,141,48,95
171,143,50,92
174,141,46,93
180,140,40,96
185,138,48,99
193,134,42,101
197,132,46,104
206,129,41,108
208,127,49,108
209,127,50,104
210,124,42,99
212,123,45,107
215,122,42,101
217,122,44,106
217,117,44,103
216,118,46,103
216,117,40,102
216,115,42,99
211,115,44,101
211,115,43,96
207,112,47,96
205,109,45,96
198,109,45,93
197,108,45,99
192,106,41,97
187,105,39,98
181,105,43,90
175,105,47,95
168,104,45,91
162,105,47,90
158,104,45,90
151,106,43,89
143,106,42,89
139,109,47,92
136,111,47,91
131,114,43,88
125,112,40,89
120,114,45,88
114,116,39,95
108,115,41,95
106,121,43,93
101,123,43,88
102,124,41,94
99,127,36,92
96,130,41,91
94,131,37,87
97,131,39,92
97,136,34,87
99,138,34,88
98,140,41,87
99,144,42,89
104,146,44,92
107,149,42,85
112,153,37,89
114,154,43,82
117,155,41,89
123,156,44,87
126,155,45,87
134,156,43,87
139,156,46,87
144,157,46,84
148,159,40,82
154,159,43,79
162,157,42,83
166,159,42,85
172,157,48,80
180,157,43,79
187,160,41,78
192,158,36,77
198,153,40,88
207,150,37,86
212,150,39,94
215,149,44,89
221,150,41,91
228,149,42,93
233,148,42,91
235,146,45,94
241,145,43,89
243,141,40,91
247,142,42,89
251,142,41,89
252,139,36,90
252,137,34,88
252,135,36,88
251,129,40,95
250,129,37,95
249,124,39,93
247,122,37,95
245,121,37,95
238,119,44,96
235,118,43,89
231,118,41,92
225,118,42,86
220,114,40,93
215,115,39,88
208,113,39,95
202,112,38,89
197,112,42,89
191,108,38,88
182,110,46,88
176,110,42,89
171,109,46,92
163,111,45,88
159,112,44,92
153,111,47,89
145,115,40,88
141,117,46,88
137,118,43,87
132,122,44,93
127,124,39,91
125,123,44,92
121,124,42,94
122,131,43,89
122,132,42,91
122,134,36,92
122,136,38,88
124,141,38,87
123,139,38,90
125,143,39,91
128,144,39,90
131,147,39,86
133,145,37,84
134,147,42,89
138,146,37,86
140,146,37,89
144,145,40,88
146,146,40,82
149,146,40,77
150,146,42,83
157,144,45,81
162,141,43,84
167,138,38,81
171,135,38,78
177,133,42,82
184,127,42,81
187,122,35,79
191,117,36,79
199,114,36,83
201,111,33,78
209,105,33,88
210,98,39,87
216,94,34,85
220,89,33,81
222,85,35,81
223,79,36,85
226,73,40,83
227,65,37,88
231,59,33,86
230,55,32,85
229,49,38,90
227,47,39,88
228,41,34,89
225,38,34,87
222,35,36,84
220,31,35,82
214,31,39,84
211,34,41,88
208,36,35,82
202,35,42,83
194,38,39,87
189,44,37,84
181,46,37,81
176,52,37,84
168,56,40,88
159,58,43,91
151,62,36,88
147,68,42,90
140,70,41,88
134,78,36,93
130,81,39,86
125,86,36,89
123,90,39,86
118,95,36,94
112,101,37,89
108,107,42,95
104,110,41,95
100,119,35,97
99,124,40,98
96,128,34,95
94,133,41,93
90,142,40,97
88,147,36,90
89,151,34,93
89,156,39,94
90,161,35,97
96,165,37,92
96,170,39,93
100,171,41,88
106,170,46,88
109,175,45,91
114,174,45,88
120,175,38,89
125,173,42,88
132,177,42,91
138,176,43,92
141,176,43,91
143,176,44,88
147,176,44,90
153,176,44,84
157,172,47,86
161,173,46,86
165,168,43,90
171,167,40,89
173,166,45,88
178,166,46,89
185,165,37,82
185,161,39,90
189,160,36,85
190,159,40,87
194,156,35,85
196,152,34,88
196,150,35,94
193,145,33,92
194,146,36,91
191,142,35,94
190,140,36,96
185,140,43,92
182,140,44,94
175,137,44,89
171,134,43,92
166,134,45,91
160,134,43,87
152,131,47,92
145,131,43,90
138,131,40,94
135,134,42,93
130,133,37,90
124,133,41,94
117,137,41,92
113,138,43,91
107,137,42,96
104,134,39,90
99,134,43,96
96,138,38,92
93,141,36,91
87,138,36,90
87,142,41,95
83,144,37,88
80,144,40,88
79,147,40,91
74,148,35,89
75,149,37,93
74,154,40,86
73,154,38,87
72,155,36,89
74,159,38,85
75,162,35,90
75,163,34,87
78,162,35,85
82,166,34,87
79,166,37,86
81,167,36,89
88,167,40,86
89,169,37,83
96,172,35,83
100,170,38,82
107,173,43,84
111,176,36,78
117,177,37,78
123,174,37,83
129,172,42,82
136,172,42,83
142,170,38,83
146,171,39,81
154,173,39,80
160,173,45,80
164,175,47,78
173,172,42,79
182,172,42,76
187,175,41,81
196,176,39,78
201,172,40,81
207,175,34,81
213,171,40,81
216,171,36,88
222,172,45,90
226,171,43,86
232,168,44,86
239,168,44,84
242,165,41,90
249,159,43,85
255,159,40,87
257,155,41,85
262,153,40,93
266,148,35,88
272,143,37,94
275,143,42,94
280,140,40,86
280,139,33,87
280,135,38,90
282,132,39,91
280,127,39,90
280,124,35,88
279,123,32,87
277,120,37,95
274,116,34,91
267,115,42,89
264,114,37,95
260,112,36,93
257,109,39,93
251,108,39,86
247,110,39,90
242,109,38,88
233,109,44,93
230,108,43,88
222,108,45,93
216,107,40,87
210,108,44,93
198,111,39,87
191,111,42,92
183,115,44,87
170,116,39,88
165,121,44,92
154,124,43,90
149,127,39,90
139,127,41,88
134,133,37,88
126,137,38,92
121,141,35,91
116,145,40,85
114,150,39,90
113,154,34,90
112,157,35,92
113,159,35,92
112,162,33,89
116,167,38,84
119,169,42,88
126,177,40,84
133,174,37,89
138,179,41,83
146,180,43,87
153,179,45,80
163,180,41,85
169,178,46,83
179,175,46,82
190,172,37,79
201,172,41,86
210,166,42,89
221,160,48,90
229,158,42,89
240,155,45,90
250,152,40,90
261,149,40,91
270,146,44,89
278,148,42,87
289,145,42,89
294,144,41,94
305,143,41,90
312,141,44,86
317,142,47,88
323,141,47,90
333,140,43,91
337,140,42,90
342,143,47,87
352,139,47,85
358,140,43,89
362,139,44,87
365,135,41,88
365,137,43,91
367,134,40,94
367,132,35,89
364,134,37,94
364,133,40,90
360,129,43,89
354,131,45,95
347,129,45,95
341,129,44,94
337,129,49,94
327,127,46,97
321,128,48,96
313,128,49,93
304,128,46,99
299,129,46,93
286,132,49,98
275,133,50,98
268,132,46,100
261,134,41,95
246,134,49,93
242,137,46,93
231,137,52,91
219,137,49,98
214,134,45,98
203,135,52,99
200,140,49,97
192,142,47,94
184,142,42,89
179,145,41,89
170,144,51,92
166,149,50,87
161,151,46,93
153,151,44,91
150,154,45,92
144,157,42,90
143,160,42,90
139,165,43,89
134,169,45,93
133,174,47,90
130,183,44,84
132,188,39,88
137,191,37,85
129,196,42,92
132,205,44,89
131,210,38,85
135,216,41,83
141,218,48,79
146,221,46,82
151,225,43,83
156,224,51,79
167,226,46,85
169,228,46,81
181,227,50,83
191,226,46,85
195,226,47,83
205,222,52,82
216,219,45,81
220,217,49,84
230,215,49,88
233,208,45,89
241,207,47,89
246,204,44,89
252,195,44,95
253,196,40,88
259,190,47,94
258,186,45,97
260,180,44,106
257,177,47,102
256,174,43,99
256,169,45,100
250,165,45,100
247,163,47,96
242,161,44,96
237,159,43,98
230,157,45,99
223,153,48,97
216,149,52,95
212,145,47,101
203,144,48,101
198,143,45,103
190,146,48,94
184,147,49,92
177,144,48,90
170,146,48,89
162,146,48,89
158,148,53,95
153,148,50,94
144,151,51,96
141,149,49,92
134,151,45,95
130,155,51,92
128,154,45,94
126,156,46,92
120,153,46,93
121,154,47,99
115,152,50,93
113,158,44,93
114,158,48,96
113,156,48,96
110,156,47,97
112,158,48,90
113,158,46,95
111,161,44,96
113,159,47,92
114,161,44,96
115,160,48,96
119,159,47,88
119,160,41,92
121,160,41,91
123,157,44,90
125,157,46,92
131,155,48,92
131,156,40,91
136,156,47,92
136,153,42,95
138,154,43,97
143,152,51,99
147,151,50,94
148,153,47,90
150,150,49,90
153,151,51,96
157,154,45,90
160,154,49,86
166,152,46,90
172,155,46,91
173,154,45,88
179,155,48,86
182,159,44,88
191,157,38,91
193,158,39,86
196,157,43,86
200,154,41,92
201,155,46,90
203,155,42,97
204,155,42,91
206,153,38,92
205,152,44,93
208,151,38,94
207,152,40,93
205,151,43,94
203,149,38,96
200,147,42,97
199,148,44,90
194,149,40,91
192,149,42,89
188,148,38,88
187,148,40,87
182,147,44,87
179,146,45,86
175,146,45,86
172,148,42,86
168,147,44,88
164,144,43,90
160,147,48,83
157,144,47,90
155,142,40,91
150,140,42,88
148,143,47,92
146,145,42,85
143,139,41,89
144,141,38,87
141,140,45,89
139,140,44,88
137,138,39,87
136,140,37,83
135,139,38,86
137,136,42,87
136,136,43,89
136,137,42,90
135,134,42,87
135,136,37,90
134,135,38,88
137,136,39,91
136,134,38,91
137,136,35,90
138,133,38,86
137,134,37,87
140,131,39,94
140,135,39,92
142,133,39,88
141,135,44,84
146,133,42,86
147,133,43,84
148,133,44,88
149,136,45,88
152,133,46,87
154,132,44,92
156,131,40,91
157,134,39,85
160,133,39,90
160,135,41,88
164,136,41,86
166,137,38,88
167,137,38,85
171,135,43,90
175,138,45,85
177,136,42,89
181,140,37,80
187,139,39,86
188,138,33,84
188,139,38,86
191,141,34,88
191,141,35,88
191,142,41,82
191,142,33,85
192,140,34,82
193,142,34,84
192,144,36,86
191,144,36,83
191,144,36,84
190,142,39,90
192,140,41,88
192,139,34,87
192,142,35,86
191,140,40,84
191,140,40,90
191,139,36,83
186,137,36,88
184,135,36,89
186,136,40,84
184,132,38,88
185,130,41,88
182,131,39,88
183,132,39,83
182,129,37,84
182,129,43,87
179,128,43,83
176,130,45,86
177,129,46,83
177,129,43,84
175,130,45,83
174,130,38,81
173,129,39,88
170,128,44,88
167,131,42,86
166,131,40,85
165,128,43,88
164,129,40,83
161,130,45,83
159,129,38,88
156,129,38,83
154,127,40,82
155,127,44,83
156,122,43,84
152,122,39,85
151,117,40,86
149,118,41,90
147,114,45,88
141,111,42,92
140,112,46,92
134,113,45,90
134,111,47,93
131,107,46,91
126,106,43,93
125,106,44,95
124,111,41,90
123,112,39,97
123,112,44,91
124,114,43,97
125,119,44,90
127,121,42,92
128,121,37,92
130,126,39,92
135,126,40,87
137,132,43,85
141,135,40,88
144,136,46,89
146,136,40,85
148,133,40,84
152,137,46,91
157,134,41,89
161,138,43,89
163,139,47,87
165,139,45,84
169,143,47,89
171,144,45,86
176,145,38,86
181,144,39,88
179,147,36,84
178,151,46,84
175,152,40,85
176,156,44,77
179,156,39,79
179,158,42,81
178,151,38,84
174,152,42,82
175,155,40,82
171,152,42,85
171,150,42,87
169,151,44,87
170,149,41,85
166,148,45,87
166,148,45,82
167,148,42,89
164,147,40,83
165,147,38,86
162,145,42,86
164,141,40,83
162,141,38,87
161,140,37,88
159,138,43,88
160,138,43,84
156,137,44,90
155,135,39,89
154,132,38,87
156,134,39,92
151,132,44,90
151,133,46,88
150,132,40,91
149,133,46,89
149,133,39,87
148,129,44,91
147,133,39,87
149,130,42,87
148,127,41,93
147,130,44,88
146,127,41,87
147,126,44,85
150,124,38,93
149,122,40,94
148,122,39,92
151,121,39,90
150,117,37,92
150,116,42,93
153,116,39,94
150,116,41,91
151,116,37,91
151,113,42,89
151,111,41,96
151,111,40,90
151,111,38,98
150,109,43,93
149,108,41,95
152,110,41,100
150,112,37,93
151,112,41,101
153,114,41,94
154,115,42,95
153,118,36,97
157,121,37,92
156,122,37,98
159,125,39,95
161,125,38,97
166,130,40,94
169,132,38,95
169,136,42,93
172,138,41,87
177,141,42,88
177,143,40,90
180,147,39,94
185,145,43,89
186,145,40,87
189,148,43,85
192,150,42,92
195,148,35,92
195,150,37,93
195,150,37,86
196,147,40,86
193,150,42,92
195,149,36,84
191,152,42,90
188,152,41,81
186,154,44,85
178,155,40,86
175,154,40,83
172,158,43,78
167,160,44,77
160,161,48,83
155,163,50,81
152,165,49,78
144,164,50,81
138,164,45,84
135,165,45,83
129,166,45,78
125,167,52,78
120,163,51,79
116,164,46,87
111,164,45,87
105,166,51,87
101,166,45,79
99,167,46,84
94,165,47,83
95,163,43,91
92,160,40,86
91,160,43,91
87,161,42,90
86,159,39,87
87,157,44,85
85,154,42,92
87,155,40,88
88,155,41,86
92,154,37,84
93,153,42,89
93,149,41,89
97,149,38,88
98,148,40,86
102,148,40,87
107,149,43,84
112,151,41,79
116,152,44,81
118,149,46,80
123,150,41,79
128,151,40,82
134,148,47,80
142,147,41,86
148,151,47,80
153,148,43,82
159,147,44,82
164,148,43,80
168,145,43,79
173,143,47,82
176,141,41,81
181,136,42,84
183,134,44,88
189,132,44,90
189,130,41,85
191,128,42,87
193,126,41,89
190,123,38,94
190,123,37,92
188,124,42,90
188,125,43,89
184,125,39,92
177,125,40,93
171,127,47,90
167,130,45,91
161,130,42,90
156,131,43,88
152,131,50,94
145,133,49,83
141,133,48,87
136,136,45,87
132,136,48,93
127,137,40,93
123,141,44,86
117,139,44,94
116,142,45,89
114,141,44,87
112,143,39,91
111,144,38,88
108,145,42,86
107,147,45,91
105,151,44,85
105,150,39,90
106,153,42,83
106,154,39,85
107,153,42,85
110,152,39,87
110,153,43,81
112,153,45,81
117,152,42,87
120,151,42,85
127,150,46,80
133,148,47,80
136,144,44,82
143,141,41,83
148,135,42,79
153,134,38,84
157,129,37,79
161,127,43,77
170,123,43,82
175,120,45,84
180,116,41,81
184,109,41,77
190,106,43,75
197,103,40,80
204,99,37,81
208,95,42,80
212,89,39,81
214,84,38,84
221,81,42,87
221,80,43,80
221,76,41,88
222,73,39,85
221,68,40,88
222,68,41,90
219,65,39,87
214,67,44,88
209,67,42,93
208,72,46,88
200,68,41,92
194,73,39,87
189,75,42,88
183,79,47,86
176,81,48,88
166,83,48,86
163,89,42,89
153,91,48,87
148,98,47,88
137,102,42,90
133,108,41,86
125,112,46,88
119,115,48,90
109,117,45,90
105,122,42,88
96,127,43,93
92,130,44,95
86,134,43,92
84,138,47,93
80,144,45,91
77,146,41,87
72,149,39,92
72,155,41,90
71,156,39,91
69,160,42,92
69,158,37,90
72,159,39,94
72,159,38,86
72,162,40,93
76,160,42,91
76,159,41,92
77,159,46,89
78,156,39,87
79,155,45,92
80,152,43,92
82,147,42,93
80,142,46,93
78,140,46,95
78,134,46,95
78,130,46,91
76,123,43,92
75,122,41,92
74,120,48,94
69,114,41,98
65,116,45,95
62,118,47,95
59,116,46,94
59,121,40,92
57,129,43,89
56,129,44,95
57,135,44,96
58,143,38,94
62,146,36,94
67,155,37,94
72,162,42,92
73,169,40,87
84,176,41,85
87,181,39,83
97,184,44,89
105,185,40,92
110,190,44,83
122,189,42,89
132,192,42,85
142,190,47,84
152,192,46,82
158,192,42,82
169,188,41,80
175,186,44,87
185,183,45,87
193,179,47,87
203,175,44,86
208,173,43,90
215,167,41,85
223,165,40,88
228,162,42,92
231,155,43,91
236,152,47,94
243,145,46,94
245,140,41,98
251,135,43,98
248,132,46,101
252,126,41,103
255,121,44,103
256,119,49,102
255,113,47,102
254,109,46,108
251,102,48,103
247,97,44,110
242,92,51,106
234,86,46,113
229,80,49,117
219,76,54,117
210,70,55,121
200,70,54,121
182,69,59,114
175,67,53,115
167,64,54,120
156,64,59,123
144,67,59,119
133,68,57,126
123,70,59,127
112,73,57,128
103,73,54,124
95,78,52,124
93,82,58,123
89,89,56,127
82,89,53,122
82,100,49,125
80,103,54,131
77,108,50,127
77,117,48,131
77,125,50,126
78,132,49,129
81,136,52,129
84,143,52,120
84,152,56,124
90,158,50,119
91,166,50,116
97,170,51,117
100,176,53,116
106,179,53,116
108,181,47,116
114,184,51,122
119,187,55,123
125,192,51,116
130,195,54,112
134,197,51,111
139,201,52,112
144,200,54,108
148,202,52,106
156,203,52,106
160,197,50,111
167,202,50,106
168,197,53,109
176,194,48,112
178,195,48,107
182,194,49,107
186,190,53,108
193,189,46,104
198,186,43,102
201,181,44,101
201,180,41,96
205,174,43,96
206,172,38,99
209,171,39,101
208,165,39,98
211,163,41,98
208,161,40,98
207,159,38,91
204,159,41,96
201,158,39,94
201,156,42,95
198,156,42,95
196,159,44,89
191,157,45,95
188,158,41,94
184,159,41,97
176,158,47,94
172,163,41,96
168,164,45,91
156,162,42,86
151,167,46,89
144,169,45,90
136,171,45,81
132,173,42,84
127,174,46,87
119,176,44,84
115,178,46,82
105,176,44,87
100,177,47,86
92,178,47,83
88,174,42,85
86,175,44,85
81,171,46,84
80,171,44,88
83,171,39,94
81,169,41,94
84,167,41,87
87,166,45,90
91,166,39,84
96,165,46,84
100,162,41,88
103,164,42,85
112,163,43,88
121,163,44,86
127,163,45,84
137,162,43,87
145,162,49,81
158,162,49,82
166,164,48,88
177,162,47,82
188,164,43,88
199,165,43,81
212,165,42,83
221,166,39,81
230,163,42,89
237,162,42,88
246,164,47,84
255,160,49,92
263,159,47,88
268,157,46,91
277,157,47,94
282,157,43,97
283,153,50,93
288,151,46,93
290,150,46,97
292,149,46,98
294,144,44,94
293,142,44,93
294,142,43,102
291,142,40,94
283,137,47,95
278,140,40,98
276,140,43,91
270,139,47,90
261,136,49,93
254,135,42,91
247,135,45,89
237,134,46,87
229,136,49,90
221,137,48,93
211,139,42,91
203,135,46,92
196,138,49,91
187,136,47,94
180,137,48,88
169,136,51,92
161,141,48,91
154,137,48,92
146,140,47,88
138,142,42,92
134,141,48,90
129,141,41,93
121,139,48,94
117,140,44,93
114,139,47,100
114,143,45,97
114,145,40,95
113,150,39,94
109,154,40,95
111,153,40,98
111,155,43,96
115,160,40,94
117,163,43,89
121,165,45,95
122,167,43,98
127,168,40,90
130,171,45,87
135,174,46,84
138,171,42,89
142,176,42,84
148,172,42,88
152,172,48,86
160,172,43,86
162,173,46,90
167,173,45,89
177,171,40,90
180,174,49,84
187,174,45,86
195,173,47,83
201,169,47,86
207,173,40,82
211,173,37,85
218,168,37,83
223,170,44,84
230,169,40,85
233,163,43,91
238,165,42,87
241,163,40,91
241,160,38,86
243,157,43,89
245,158,43,93
245,155,41,88
245,153,39,90
241,151,38,91
240,151,43,97
235,150,43,93
233,150,36,96
231,152,37,88
223,153,42,95
221,152,39,89
215,153,44,88
207,155,42,89
203,156,43,86
195,153,47,86
189,156,41,88
183,155,46,89
176,155,48,91
171,157,46,84
164,155,46,87
160,156,41,86
154,157,46,91
147,157,47,87
140,156,46,88
134,159,46,89
132,163,41,87
127,163,43,86
119,167,45,86
114,164,40,84
111,169,41,83
107,170,44,84
104,171,45,89
100,171,43,87
99,170,39,92
100,172,41,89
97,172,38,92
97,171,37,92
96,173,43,91
97,172,41,94
97,175,36,90
101,174,41,91
100,174,39,89
103,175,41,89
104,172,38,91
107,172,41,90
113,174,36,87
113,172,40,88
118,170,40,89
121,172,39,86
123,169,39,91
126,168,40,89
127,166,40,86
131,166,42,85
135,166,38,91
138,167,41,82
143,163,44,87
145,164,39,85
148,163,39,89
152,162,44,91
155,163,43,86
157,165,43,84
159,160,38,93
162,160,43,91
163,161,37,92
165,159,42,88
168,161,42,88
171,165,40,92
172,164,35,93
172,167,36,86
175,168,34,90
174,167,38,92
175,169,37,89
177,168,36,87
175,169,36,90
177,171,35,84
178,168,42,91
176,168,37,93
173,169,37,90
173,166,41,90
172,169,39,90
169,166,36,91
169,164,36,90
164,166,42,91
161,162,43,90
159,163,42,88
154,164,44,90
153,163,41,90
149,166,43,92
145,162,41,94
137,165,44,88
134,162,41,91
131,163,42,97
128,164,46,96
123,163,40,91
118,161,41,91
118,164,42,90
111,163,48,95
109,163,42,93
105,163,44,93
99,167,42,91
98,165,45,88
94,165,40,92
88,165,45,91
82,167,46,96
76,168,47,90
72,164,43,94
67,164,41,97
62,164,39,89
60,165,41,90
60,162,45,98
58,160,38,91
58,161,35,95
58,160,39,89
62,161,42,92
62,164,37,89
65,164,45,86
71,166,44,84
73,167,42,86
81,167,38,87
86,166,43,85
93,161,43,84
100,160,39,86
108,159,38,81
116,159,40,84
122,154,43,85
130,152,45,82
138,153,39,84
144,150,40,86
150,149,44,84
162,149,44,82
169,147,40,77
174,140,41,79
181,140,40,80
181,137,45,83
183,130,40,85
184,129,40,86
189,128,46,83
186,129,46,87
184,128,44,88
181,127,42,82
180,126,39,84
178,126,43,86
171,126,49,85
165,126,46,83
162,129,44,83
154,128,43,89
146,133,44,87
132,135,41,89
124,138,44,90
118,139,42,92
113,140,47,92
102,142,41,86
94,147,42,91
89,148,41,90
82,151,42,90
74,154,43,87
68,156,44,89
60,159,44,95
59,160,40,93
51,157,44,92
49,161,43,92
47,162,45,97
45,165,44,91
46,166,45,94
47,168,44,97
49,168,41,96
49,175,38,92
50,173,41,94
54,174,41,91
59,176,44,92
63,177,47,91
65,173,45,87
74,174,39,85
81,173,40,83
85,169,45,86
96,166,46,83
102,158,42,86
111,151,40,87
121,147,45,82
128,143,43,82
136,133,45,83
141,125,40,84
151,119,45,81
160,111,39,83
169,106,42,74
173,94,36,77
175,89,41,78
178,79,37,79
178,72,42,84
177,66,36,81
175,60,39,87
172,60,39,87
173,56,43,87
169,56,39,82
168,58,41,82
161,59,43,76
153,59,38,77
153,64,39,83
142,67,39,78
142,72,39,84
135,77,42,81
126,82,41,81
123,92,38,82
119,95,42,84
114,105,39,91
109,113,38,91
107,120,37,89
106,126,42,88
107,138,35,86
106,144,37,88
105,151,35,93
104,163,34,92
108,170,40,90
111,179,40,96
115,184,41,98
117,191,39,91
121,198,36,88
126,199,37,89
134,204,39,87
133,209,45,85
139,208,45,93
144,207,47,93
153,210,44,89
159,208,44,90
163,205,40,91
167,204,47,91
174,204,43,90
176,199,42,89
181,200,43,86
186,196,38,85
187,192,40,87
190,192,43,86
195,189,44,90
198,188,44,90
197,185,45,88
199,181,37,90
200,181,40,92
204,181,41,85
201,180,38,87
204,178,37,91
204,174,41,88
205,174,38,88
206,172,36,94
207,173,35,91
206,173,36,92
208,175,38,89
208,172,41,97
206,171,35,93
208,173,41,89
209,166,37,97
212,165,37,91
212,160,40,96
215,157,38,95
215,156,38,94
219,153,38,99
220,149,43,102
220,148,43,98
225,146,41,102
224,146,41,99
224,145,44,102
227,146,42,103
224,147,40,102
222,142,43,100
219,145,45,98
216,142,47,98
211,143,42,104
207,142,46,98
204,140,40,101
196,139,47,97
190,138,45,99
190,143,46,98
184,141,47,103
179,139,45,95
175,137,45,100
171,140,48,98
166,139,45,104
164,143,48,98
162,146,45,94
158,145,40,98
157,148,45,95
153,148,39,96
153,147,46,95
153,153,37,93
151,155,40,94
150,156,37,98
150,160,42,94
151,161,43,97
150,165,40,98
154,166,43,93
153,169,38,95
152,170,41,92
157,175,38,91
158,174,39,91
159,178,39,95
163,179,40,88
166,180,39,95
169,181,44,95
170,181,43,86
177,180,41,94
180,181,38,86
185,181,40,86
188,182,42,85
192,181,44,87
196,180,40,87
197,178,39,87
200,180,37,87
203,176,42,87
207,176,40,82
210,176,39,81
208,175,36,84
209,174,36,87
206,173,33,88
202,174,35,82
201,168,37,88
198,168,42,84
195,168,39,85
188,165,43,89
187,162,44,93
183,163,39,88
176,162,38,85
170,163,44,89
168,158,43,91
163,160,45,92
156,161,43,86
151,161,44,87
148,161,45,87
141,162,39,88
137,160,43,90
131,160,39,93
126,159,44,90
123,158,41,89
118,159,40,87
113,161,39,93
108,163,41,90
104,161,41,90
100,165,43,89
97,167,42,89
94,169,40,91
92,171,45,87
88,172,38,86
86,174,44,89
84,177,44,95
82,182,43,89
82,184,38,90
80,187,41,94
82,191,36,89
84,192,39,89
88,192,37,95
91,194,40,94
97,194,38,92
102,193,43,89
109,194,46,91
115,193,44,86
122,195,42,84
128,190,44,90
134,192,44,81
144,188,43,87
151,186,41,83
162,184,39,83
170,182,43,88
177,181,40,85
185,179,40,85
190,174,42,88
198,168,43,90
206,167,40,84
214,164,36,88
219,164,36,90
225,158,44,98
230,154,46,99
237,151,40,96
244,154,41,90
251,149,46,95
260,148,45,95
264,145,46,90
273,146,41,95
280,141,38,96
284,141,40,90
287,142,40,92
289,136,37,96
290,135,42,93
288,135,36,96
286,130,37,94
284,131,42,96
282,127,36,96
278,124,43,102
272,122,39,98
267,120,37,98
261,123,46,95
253,119,43,97
247,118,42,104
237,115,42,103
231,116,42,104
225,113,45,102
213,115,42,100
209,118,41,101
198,119,41,98
187,118,41,95
176,120,41,94
167,121,40,96
161,124,46,91
153,123,41,95
142,127,46,97
136,127,39,94
129,130,39,95
126,132,40,96
120,134,37,97
115,138,44,95
115,139,38,101
111,143,40,98
111,145,39,103
107,146,40,98
109,150,38,97
109,151,35,95
110,153,35,98
110,152,37,98
110,150,36,103
108,150,37,100
109,148,39,100
108,147,36,99
111,148,42,100
110,143,38,100
109,141,40,102
108,138,40,101
106,133,37,105
107,129,41,102
103,128,41,106
101,122,42,104
99,121,38,103
97,117,42,104
98,113,35,105
97,106,36,101
93,100,39,101
93,98,38,105
92,93,43,108
93,87,38,104
92,83,42,107
91,79,39,108
95,76,42,104
101,71,43,104
105,67,45,110
109,60,45,106
115,56,43,110
126,53,41,104
133,52,42,110
143,45,44,108
149,45,44,115
164,43,50,111
173,36,46,116
190,36,43,109
199,32,51,114
213,30,45,116
226,28,47,116
238,22,46,113
249,21,47,116
260,20,54,118
266,17,48,120
274,18,55,124
279,18,54,124
282,18,52,127
281,17,51,131
279,20,48,124
273,26,51,129
265,28,49,130
259,37,49,127
247,37,53,121
238,43,52,120
222,48,55,129
200,49,54,126
191,53,57,125
176,56,56,128
161,56,58,127
150,63,54,131
134,68,59,133
124,74,55,131
118,82,53,133
111,89,56,134
106,94,56,134
105,103,53,142
105,113,47,140
108,119,50,138
109,125,47,135
113,134,51,135
117,141,46,127
123,146,51,128
131,148,49,131
136,153,52,126
142,155,57,126
149,158,55,126
163,158,55,120
170,158,56,120
180,155,52,120
186,151,52,122
199,147,49,120
207,139,48,125
211,128,52,131
217,122,52,136
220,116,51,136
226,110,53,136
231,107,53,133
228,100,52,134
230,91,46,138
223,89,56,135
222,86,50,128
216,84,54,127
207,82,56,131
201,79,54,132
190,78,56,138
184,78,55,133
178,79,60,143
172,85,54,137
167,88,56,140
163,96,53,141
163,100,58,149
165,102,56,144
164,110,50,142
166,116,56,144
173,125,56,144
175,127,57,138
186,132,59,140
190,138,58,140
196,142,56,140
204,143,61,141
211,146,57,144
222,148,62,143
226,151,59,140
232,148,59,136
238,147,54,141
245,144,54,138
250,141,56,143
256,137,60,145
259,131,59,145
262,124,55,152
267,125,59,148
269,118,59,153
269,112,60,153
273,111,59,153
275,109,53,151
273,104,52,156
272,101,56,151
267,96,61,159
261,90,58,154
257,87,58,164
250,81,62,160
242,76,64,166
233,74,67,166
224,66,71,175
218,63,68,171
208,58,74,168
197,53,72,173
192,50,73,177
182,43,70,177
175,41,75,170
166,31,77,178
159,30,72,179
156,22,73,184
147,19,79,186
143,12,72,190
136,11,73,188
128,8,73,183
126,8,71,181
121,9,77,191
119,6,72,188
116,9,72,191
112,13,73,188
108,18,75,187
106,21,69,188
107,26,73,190
111,30,70,191
112,39,65,187
117,46,69,189
119,52,72,183
124,63,67,184
130,69,67,179
136,81,70,175
144,88,67,172
152,102,64,165
159,105,64,166
167,116,69,159
178,122,66,157
191,127,69,156
201,131,65,156
207,131,71,153
221,132,65,156
230,134,67,159
247,135,65,159
253,138,64,151
264,134,64,155
269,127,64,160
279,123,70,155
286,121,66,163
293,119,64,154
298,113,58,157
303,106,58,159
300,99,65,166
304,93,57,167
304,88,63,161
300,88,60,158
300,79,58,164
295,75,60,163
290,69,69,163
286,63,64,161
277,56,69,166
272,50,66,162
263,47,65,165
257,36,71,168
251,30,67,166
242,30,68,161
234,24,65,163
224,22,67,166
210,17,68,164
204,19,72,168
191,20,68,165
182,24,70,167
171,29,73,172
153,30,69,174
144,32,77,179
130,33,74,178
119,34,79,184
110,36,80,188
100,33,80,196
97,29,84,203
95,30,86,212
88,28,81,216
89,29,79,218
87,24,85,224
89,26,83,225
80,23,87,234
90,24,84,238
81,19,93,238
86,23,84,237
85,17,94,247
87,12,92,249
87,9,99,243
88,7,100,248
93,1,97,247
98,-9,97,244
100,-12,96,242
108,-16,99,237
113,-27,98,232
115,-30,98,227
122,-39,94,226
126,-41,96,218
132,-50,96,207
140,-60,89,219
148,-61,92,209
155,-63,85,203
161,-67,86,204
168,-73,84,210
176,-76,89,209
176,-78,86,204
184,-80,91,211
190,-79,86,206
196,-79,85,203
204,-74,84,198
211,-68,83,196
217,-75,80,198
222,-68,87,202
230,-65,79,194
236,-52,84,186
244,-48,81,195
253,-43,85,200
258,-35,78,190
268,-29,79,193
273,-20,76,188
278,-12,73,188
282,-5,71,182
288,4,68,183
291,13,68,178
294,19,69,173
294,23,68,174
293,29,62,176
291,36,65,172
287,39,65,178
282,43,62,168
278,49,68,171
271,51,67,166
265,55,67,170
258,55,69,165
253,61,66,166
246,60,64,156
240,61,67,158
231,61,65,162
226,63,63,154
217,65,66,148
210,66,65,152
200,69,63,151
193,69,65,145
184,71,63,146
170,71,69,144
165,71,70,144
156,69,69,151
145,69,67,148
137,68,67,151
129,72,67,148
123,73,68,156
117,73,67,151
114,74,64,152
107,76,67,153
106,76,68,155
105,82,62,157
101,86,60,148
100,85,59,155
106,88,64,152
107,95,63,149
113,100,60,149
121,104,57,148
128,109,61,145
131,111,62,140
141,113,62,136
155,115,56,137
164,118,59,133
171,118,58,136
181,120,58,128
194,119,55,126
202,121,57,129
212,119,56,124
222,116,57,127
229,112,57,130
236,111,56,135
242,112,54,129
248,113,49,130
254,112,47,127
260,115,54,131
262,111,49,129
266,114,46,134
269,114,46,129
270,118,43,125
275,119,45,125
274,123,47,122
273,125,43,119
275,132,45,121
271,135,46,120
269,141,48,118
269,147,47,114
265,150,45,115
261,155,44,118
255,158,43,117
252,162,45,112
246,165,44,115
245,168,47,112
239,172,44,105
232,177,46,100
225,178,47,101
219,182,44,99
215,181,46,104
211,183,42,99
207,180,42,104
202,175,46,108
200,173,40,101
197,167,44,109
194,164,42,108
195,162,45,105
194,162,40,103
197,162,44,104
198,156,45,107
197,156,42,105
200,156,46,104
201,155,45,110
202,150,41,107
200,148,41,111
201,145,45,108
196,142,39,111
194,141,41,109
192,136,41,106
188,132,41,107
188,128,42,107
186,127,44,112
