40,199,61,103
42,198,63,104
41,200,65,106
41,199,63,103
38,197,58,107
40,197,58,105
37,194,65,103
38,195,66,110
37,195,61,105
38,192,65,109
38,189,60,112
37,188,59,110
40,184,59,113
39,178,61,118
39,174,64,117
37,166,64,113
39,163,63,114
42,156,61,115
43,149,60,115
43,138,62,110
47,134,57,113
48,124,61,120
53,116,58,116
54,114,59,113
56,109,63,117
63,98,67,118
68,96,61,117
72,91,67,119
76,86,68,117
84,79,66,124
89,77,75,119
92,71,77,120
101,64,71,121
110,61,74,126
120,61,71,118
132,55,74,120
138,51,74,132
150,51,79,129
158,45,73,128
167,44,79,129
178,39,83,130
184,40,85,128
194,35,82,135
203,34,82,137
214,34,78,138
219,34,79,131
227,38,73,133
231,38,79,128
241,41,78,129
246,39,77,127
252,39,71,133
258,44,72,132
260,48,74,132
264,49,73,129
268,53,77,133
274,55,72,132
279,59,69,126
283,62,65,126
287,65,68,130
291,73,70,128
294,81,69,129
296,83,72,123
302,90,74,124
304,92,76,119
309,95,73,127
310,102,74,123
319,107,73,125
321,111,78,127
325,116,77,129
331,122,76,122
333,128,76,125
338,132,77,127
341,139,77,127
347,144,78,125
349,152,73,125
353,157,75,132
355,162,75,132
357,169,74,128
358,174,80,132
364,182,78,136
363,185,72,136
363,189,75,134
361,194,80,131
360,197,76,135
360,198,81,133
358,201,79,129
356,200,80,129
358,199,74,130
359,201,79,128
356,199,75,127
356,197,74,130
358,192,73,124
357,191,79,127
359,187,79,125
358,183,79,133
360,181,76,130
363,176,73,135
364,169,75,135
368,165,78,135
369,160,74,135
367,155,73,139
367,144,76,144
366,145,76,138
363,138,84,136
363,134,82,143
360,126,80,136
357,126,77,137
353,123,85,134
347,117,82,134
343,118,82,130
334,115,88,139
332,115,85,136
323,114,89,137
318,111,86,134
311,113,84,137
304,113,88,133
297,114,83,138
291,110,81,138
285,110,82,141
277,110,82,139
272,115,83,136
263,111,82,137
257,112,84,139
252,112,82,140
248,113,85,140
242,117,87,137
236,118,83,144
232,116,81,142
230,120,84,145
224,122,88,149
221,123,90,152
220,122,91,157
219,126,87,155
219,128,87,155
218,131,89,162
218,136,90,154
220,140,86,158
222,145,86,149
223,147,85,151
226,151,89,145
232,153,87,144
236,155,92,141
239,155,87,136
243,153,88,136
251,155,89,133
256,152,88,133
266,151,80,133
273,152,86,135
275,151,87,131
282,156,81,135
285,155,80,130
291,157,81,129
296,157,82,127
299,156,85,130
300,158,80,132
305,160,77,133
308,161,82,130
311,163,80,134
313,165,79,135
313,166,81,130
316,167,83,128
321,168,80,128
317,170,82,132
321,170,83,125
321,170,77,119
320,168,80,122
326,169,80,129
327,167,78,120
328,165,82,123
332,162,80,125
334,160,80,120
343,163,80,125
347,159,82,123
350,159,81,126
356,158,85,126
361,159,85,122
364,156,82,123
369,157,86,125
372,156,84,128
376,155,78,129
380,153,84,128
380,154,77,126
386,150,76,119
388,148,80,126
391,146,78,123
398,146,75,119
403,148,72,118
407,147,71,119
411,144,70,121
412,145,69,119
421,143,68,110
421,139,72,110
423,139,67,106
429,141,71,106
430,140,67,112
432,137,73,105
435,138,68,105
439,142,66,111
440,142,67,111
447,145,62,111
450,147,65,109
453,150,56,106
455,149,60,107
457,149,64,109
456,146,63,112
455,140,63,108
457,134,60,109
458,128,65,106
458,125,61,109
456,123,61,112
454,117,67,107
455,112,64,107
447,107,68,109
444,97,67,110
440,91,66,108
431,82,72,109
426,76,67,118
416,70,67,115
408,69,71,119
397,67,75,120
386,57,70,114
368,51,77,124
352,46,72,119
335,42,81,120
316,43,80,124
297,34,80,122
283,31,76,129
267,29,83,122
248,28,78,125
232,28,88,127
213,26,82,132
199,17,85,127
179,17,84,126
166,17,89,126
154,10,87,129
138,6,90,129
130,12,81,126
118,11,81,126
106,8,77,116
97,19,82,119
89,22,78,122
81,21,73,122
77,31,74,115
68,30,78,126
61,31,72,123
56,46,73,115
51,53,77,121
43,57,72,127
40,61,70,119
36,66,68,120
37,78,74,119
33,85,71,119
29,87,71,124
25,94,69,116
24,101,63,117
19,110,68,113
17,114,66,118
16,122,67,120
13,128,65,112
9,127,68,112
10,132,69,118
8,135,69,113
8,139,64,116
9,142,69,113
10,147,63,108
11,152,67,113
11,153,66,110
14,159,65,111
16,163,61,111
19,167,64,110
24,173,63,112
24,178,62,107
29,182,58,112
28,187,60,108
32,192,55,106
31,195,60,105
34,199,62,103
34,204,56,103
36,206,59,104
40,208,58,98
41,211,62,97
41,215,63,96
42,217,66,97
45,220,62,90
49,221,61,93
50,223,61,96
48,225,61,91
50,225,63,91
51,226,68,95
49,228,69,91
52,231,68,91
51,230,70,92
52,232,64,95
52,232,64,90
54,233,67,96
55,235,65,93
57,235,68,92
54,235,71,94
55,233,70,90
56,235,64,92
55,238,71,94
60,239,70,92
57,239,65,93
59,241,65,96
60,243,70,95
63,244,63,97
59,245,68,96
62,247,70,90
62,250,65,94
63,251,64,94
64,255,61,90
56,258,63,91
61,259,68,94
63,262,65,96
64,263,68,92
63,264,60,94
62,265,63,97
61,269,63,93
60,269,66,98
60,268,67,92
63,270,63,89
57,267,61,91
62,268,65,94
64,271,62,92
63,273,67,99
63,272,60,93
65,275,65,94
65,272,59,87
64,274,65,89
69,278,62,87
65,278,58,85
65,276,55,89
65,273,55,84
67,278,61,81
66,278,62,85
65,280,63,83
73,278,55,88
68,276,59,88
67,277,56,83
78,288,58,86
72,277,59,89
72,278,59,84
76,276,57,86
78,274,52,89
73,277,60,83
77,278,58,83
75,278,59,86
76,279,55,83
70,276,57,81
74,278,53,87
77,275,54,85
72,278,55,83
74,280,54,84
72,281,60,81
73,278,60,86
69,280,59,85
71,280,56,84
66,280,59,90
71,278,54,85
70,281,59,88
67,280,57,85
73,277,53,83
69,278,57,83
67,279,53,85
70,277,54,90
66,277,62,85
66,276,61,84
62,271,56,91
60,271,60,88
58,267,61,91
54,261,60,89
58,256,61,91
56,249,55,86
59,239,53,83
62,231,59,95
59,220,54,94
61,211,54,98
62,203,54,98
63,197,59,108
63,185,57,107
63,179,54,108
61,171,54,107
65,161,57,112
65,156,58,104
67,149,56,104
70,143,54,106
73,136,56,109
74,132,63,110
78,129,60,110
85,123,64,110
91,117,60,114
95,112,69,114
101,108,65,117
108,101,70,107
118,100,70,107
128,101,65,105
136,102,65,107
146,99,74,112
157,99,71,109
167,100,75,113
182,99,75,105
195,99,71,111
210,101,74,113
222,105,71,113
234,106,69,103
245,109,67,110
254,114,73,105
265,116,69,108
273,122,73,111
281,125,71,112
290,129,64,109
294,133,68,110
297,143,68,113
300,147,65,118
303,150,66,117
302,157,73,119
299,162,69,116
299,165,69,118
298,169,70,123
292,169,77,121
294,171,71,116
291,176,73,121
289,178,76,114
278,177,73,119
276,180,76,121
273,182,78,116
274,183,72,122
270,179,70,119
268,181,70,118
266,183,72,121
264,185,75,117
265,186,68,112
259,188,73,113
262,189,69,114
257,193,73,115
258,196,73,115
258,198,75,108
255,198,75,106
256,203,73,108
255,203,74,109
255,207,70,103
251,207,76,103
249,209,70,107
252,213,72,106
251,214,68,107
249,214,65,104
252,219,64,101
250,219,62,99
247,222,64,96
249,224,63,93
247,224,67,96
243,223,65,93
244,221,67,94
244,222,65,96
246,216,64,99
243,211,62,104
242,208,65,101
242,197,58,98
240,191,57,101
242,178,56,106
244,169,58,109
243,159,61,109
243,150,54,109
241,142,62,104
246,133,59,104
247,126,61,102
249,121,61,111
250,116,59,104
254,113,63,106
256,112,63,111
261,110,68,110
263,107,62,105
269,109,66,105
271,106,65,119
278,104,71,116
284,107,66,118
285,105,70,123
290,105,71,124
293,107,70,121
295,113,68,132
297,117,70,135
291,121,76,130
289,126,75,129
282,135,71,133
278,143,77,141
278,151,70,143
265,167,74,147
259,179,79,142
248,192,88,145
242,200,88,141
230,214,84,145
220,221,87,144
212,227,89,147
204,229,90,139
201,228,88,144
193,224,84,147
188,220,86,146
187,210,90,146
180,204,87,144
181,192,90,142
184,184,83,142
187,175,79,145
190,164,79,149
195,154,84,152
198,146,84,150
204,142,86,149
206,138,82,151
214,134,85,154
219,131,93,145
223,129,91,150
231,128,96,152
243,130,96,147
252,129,91,157
265,133,95,153
277,135,89,149
287,137,96,157
298,142,96,156
310,146,98,155
321,156,101,150
335,159,101,155
346,157,109,151
361,160,97,150
370,158,101,152
384,161,98,149
390,159,94,143
400,157,91,147
415,160,88,139
415,154,88,140
426,153,85,139
424,147,85,140
423,143,84,146
423,137,80,138
416,136,86,142
406,135,83,143
393,128,92,140
383,127,84,142
369,123,93,149
350,118,94,143
325,113,100,148
304,115,101,149
285,110,95,151
257,111,99,150
229,112,100,148
200,112,100,157
164,120,100,146
139,121,95,151
112,126,93,149
88,126,95,155
65,121,93,162
39,122,86,158
14,119,87,164
-4,115,96,164
-15,106,90,165
-15,101,78,162
-17,101,81,157
-14,92,78,159
-12,85,77,155
-13,74,78,159
-9,69,85,156
3,58,83,151
19,58,79,141
32,47,81,142
50,39,83,145
62,27,88,143
73,23,86,146
82,14,92,144
105,13,91,143
119,7,91,147
134,4,97,152
147,5,98,154
158,3,99,149
173,6,97,147
191,10,90,152
207,11,89,146
222,15,87,145
232,21,87,140
248,22,81,141
256,26,78,143
264,33,82,144
270,40,77,144
281,44,75,142
289,54,71,144
290,67,72,142
293,77,69,142
292,86,70,142
293,97,71,137
290,109,74,145
290,117,74,138
289,124,75,138
284,135,72,143
282,141,76,137
285,145,76,140
282,153,77,141
282,157,70,136
279,168,75,137
279,177,77,143
280,182,77,142
278,187,79,132
279,193,82,134
281,196,83,129
281,196,81,132
283,199,85,130
286,198,82,133
292,191,84,129
294,190,78,133
295,186,83,138
296,180,77,133
301,180,83,133
301,174,78,136
302,175,83,141
304,174,85,139
305,168,85,144
308,170,88,141
303,169,84,147
302,172,84,148
298,173,88,149
299,177,90,148
296,178,95,152
287,182,97,150
283,180,96,147
274,182,95,151
270,184,98,152
258,188,102,155
244,189,102,152
233,191,104,149
222,190,102,152
213,193,104,157
202,190,104,155
187,194,108,154
181,197,103,152
174,199,97,160
163,201,100,154
153,205,103,157
147,207,97,159
142,208,96,157
137,210,94,162
134,206,93,162
134,215,94,164
132,220,92,165
133,225,94,161
130,232,91,158
137,240,92,157
134,244,87,161
140,251,87,162
141,254,94,152
141,256,94,156
144,260,91,158
150,262,95,150
153,263,95,147
154,265,96,152
160,264,93,147
165,261,93,151
165,262,88,149
168,257,91,152
171,259,94,146
177,256,90,148
178,260,97,152
185,259,91,148
190,253,91,148
196,256,98,149
205,255,95,146
211,250,98,154
220,247,99,149
230,246,102,152
237,245,100,156
241,241,108,147
257,238,105,151
264,242,102,150
284,242,106,152
297,245,103,145
311,247,100,148
323,249,107,145
343,248,110,145
357,243,103,145
369,238,101,151
384,237,96,152
390,229,102,148
408,229,98,146
417,227,95,149
432,226,90,154
442,225,86,143
448,219,86,147
456,218,84,146
462,215,87,139
461,203,83,146
470,199,87,146
471,190,80,151
468,181,80,149
462,176,85,141
455,160,84,146
453,147,80,150
442,129,83,149
421,117,92,150
410,100,90,151
391,86,88,154
372,69,92,153
356,49,95,160
332,35,96,159
306,22,108,164
285,16,100,166
261,15,108,166
240,13,107,171
217,10,105,167
196,10,105,173
176,14,112,176
158,22,110,181
146,33,105,180
136,52,102,181
127,66,96,178
129,82,89,179
125,100,91,172
125,113,91,174
125,126,94,172
129,140,92,176
135,150,90,169
137,159,99,168
146,170,95,168
149,177,94,160
157,183,98,152
167,190,98,151
177,195,96,155
188,196,99,157
202,200,100,155
215,200,95,156
222,201,100,145
232,204,99,142
246,205,96,142
259,199,94,146
269,196,100,146
280,203,100,149
295,198,96,148
301,195,101,152
307,195,103,150
318,193,93,146
326,194,98,143
333,191,94,144
337,188,88,146
340,184,88,146
342,179,87,145
336,178,91,144
335,176,91,145
328,175,87,141
324,172,89,137
317,170,95,142
313,169,90,140
303,166,94,144
300,166,88,138
293,161,86,138
287,160,89,142
278,157,88,143
276,151,86,145
271,148,80,143
262,141,84,146
258,136,82,142
253,133,78,135
244,126,83,140
242,125,80,139
235,120,78,137
229,112,81,138
223,106,77,139
221,103,74,137
215,98,78,140
204,92,77,140
196,94,83,138
184,92,85,135
178,89,85,139
167,81,89,136
158,85,83,137
149,81,85,137
142,84,79,135
130,89,84,137
124,92,78,136
113,98,84,134
103,104,82,136
90,106,84,146
82,110,82,141
76,118,79,136
64,119,77,143
52,119,83,140
49,121,80,140
38,126,81,141
33,126,74,143
25,131,81,141
21,138,79,145
14,139,73,144
14,150,76,138
15,153,75,138
14,160,75,138
17,170,71,135
18,176,71,127
18,186,73,125
23,195,68,116
25,198,65,114
28,206,68,114
35,209,65,105
35,210,66,109
40,215,65,102
41,215,67,101
45,217,64,103
49,214,67,101
48,217,69,104
50,218,63,96
54,215,62,97
55,216,59,101
55,217,62,99
54,215,66,104
54,220,60,104
52,219,62,98
53,223,64,101
49,223,62,103
51,224,65,99
49,228,63,99
47,230,62,100
49,232,65,106
46,234,70,107
43,232,64,106
40,231,64,103
40,234,63,105
37,229,64,103
34,230,64,96
34,228,61,98
33,231,67,98
29,229,63,97
27,228,66,99
27,228,65,101
23,228,62,100
23,231,63,95
20,228,64,98
18,227,63,104
18,228,60,98
14,227,64,99
13,230,68,103
11,231,66,98
9,229,67,99
6,230,68,101
6,228,64,103
6,231,69,100
1,229,67,103
1,231,63,107
3,230,62,109
1,233,68,106
2,232,68,115
2,233,62,112
-1,234,67,118
-1,239,71,112
-1,240,72,114
1,241,71,119
1,243,68,119
3,244,68,114
1,248,70,118
3,250,69,118
2,251,72,118
4,251,68,122
4,254,71,120
8,254,73,125
5,258,73,125
6,255,72,121
8,258,77,122
8,259,74,120
7,259,77,118
9,261,75,125
10,260,70,124
8,263,73,119
10,262,74,123
10,268,78,119
9,269,76,121
12,270,77,127
13,270,74,124
12,271,80,123
15,271,82,131
13,268,80,131
21,269,78,129
20,269,81,135
18,270,82,130
23,269,85,132
25,266,85,133
25,268,88,136
25,267,82,139
31,264,89,135
31,266,87,133
34,266,83,133
37,261,86,134
39,262,82,135
42,261,86,132
45,261,82,131
45,255,85,138
50,254,88,139
50,254,87,137
51,250,91,144
54,247,91,136
57,245,91,139
62,242,94,139
64,242,89,142
67,240,93,145
74,239,96,137
75,238,91,141
81,237,94,144
85,237,93,142
89,238,95,137
97,232,94,143
102,232,91,148
113,230,99,150
114,231,98,148
120,233,94,148
128,232,99,154
135,232,93,153
140,232,98,155
148,231,92,154
154,229,96,147
161,228,93,148
168,223,94,149
173,221,91,143
175,217,92,145
177,215,90,145
183,210,89,146
188,212,93,146
195,205,91,139
202,205,94,140
204,202,94,144
210,199,92,148
214,199,94,145
220,198,93,144
224,195,94,145
231,194,89,142
234,189,97,145
235,189,94,148
241,186,95,148
243,184,93,143
245,187,90,147
249,185,92,147
251,183,89,149
252,184,85,150
254,184,91,151
258,180,86,144
257,179,84,144
258,179,87,145
257,177,90,149
254,173,83,150
256,174,85,151
257,172,92,151
255,172,91,151
258,169,91,151
256,168,93,147
257,161,92,154
258,161,92,150
256,156,91,151
254,156,87,150
255,150,93,151
257,151,92,153
260,150,92,148
259,144,94,154
264,138,90,149
266,140,96,158
266,133,92,153
275,143,95,151
272,138,88,148
274,133,88,145
275,129,87,149
274,121,84,139
277,127,87,144
280,120,86,139
281,121,80,141
283,119,82,135
283,120,81,133
286,123,80,136
291,121,82,134
293,121,74,134
297,121,74,136
295,121,73,134
300,118,73,131
299,118,72,128
302,117,73,134
302,113,75,130
302,113,74,126
305,110,71,130
306,111,66,127
304,105,71,124
305,104,69,124
307,103,66,124
304,102,67,120
302,101,65,113
303,103,68,120
305,100,65,117
305,100,65,116
304,103,64,116
307,101,69,118
303,101,62,116
303,101,69,121
304,102,68,115
303,101,62,114
302,101,69,116
302,102,69,117
301,100,65,120
301,99,70,114
300,96,66,116
300,97,68,118
299,95,68,118
300,93,71,114
301,93,71,110
303,93,70,112
301,92,70,107
304,97,70,108
302,95,73,114
303,97,75,113
303,97,72,113
305,99,78,116
303,100,78,116
303,104,75,116
304,114,77,121
304,120,82,131
304,123,80,129
303,126,75,128
305,129,78,132
304,136,75,137
304,141,82,138
304,144,81,141
306,148,83,140
308,151,84,145
307,158,80,138
309,161,87,137
312,165,88,139
314,169,86,138
319,170,89,136
324,172,94,132
329,174,89,134
335,172,94,129
345,166,94,128
357,164,92,133
364,157,93,125
372,154,89,127
381,152,86,130
387,153,88,131
407,154,88,122
424,151,81,117
440,149,80,116
451,148,74,117
457,142,76,127
462,138,75,123
467,136,83,125
469,132,81,128
472,129,80,132
475,121,80,133
472,125,79,134
472,122,77,134
464,124,82,136
459,123,77,127
453,121,80,131
444,118,76,122
436,116,81,120
425,113,75,120
411,105,81,120
396,109,80,128
390,107,75,130
377,104,76,125
376,104,69,134
367,96,75,132
356,90,76,128
352,89,74,130
348,86,74,131
345,85,71,130
340,83,77,129
338,79,78,131
335,81,76,132
334,78,77,133
333,76,72,131
335,72,80,136
335,76,76,136
333,79,80,135
336,80,77,137
335,85,82,137
330,90,80,140
330,91,82,133
328,96,81,138
321,101,85,137
314,110,81,139
308,118,88,141
298,124,87,137
293,129,89,138
287,134,87,145
284,150,89,143
277,157,92,145
266,166,92,143
260,164,97,142
251,165,96,141
247,155,98,149
244,146,91,148
242,138,94,152
239,132,88,152
234,121,90,157
232,114,91,152
234,107,92,153
230,96,89,157
233,90,90,155
237,86,92,155
241,83,94,155
242,79,94,153
243,70,97,152
242,61,96,154
242,55,95,157
246,46,90,150
241,41,89,146
238,37,95,147
231,32,93,146
236,35,92,138
227,35,94,144
222,35,84,141
216,36,89,145
208,33,93,154
203,30,89,151
197,35,90,153
192,38,89,150
185,41,93,145
179,44,88,146
171,46,88,142
166,41,84,141
161,38,87,137
157,38,87,137
152,44,87,143
151,40,87,148
148,35,86,138
148,34,75,137
148,38,73,138
145,32,74,134
145,32,73,135
146,35,78,134
148,29,75,128
151,30,75,129
147,29,72,132
149,28,71,128
151,30,72,126
149,27,71,127
153,33,71,122
154,29,74,123
157,32,74,127
154,31,70,126
155,29,72,123
156,35,72,122
157,36,70,119
156,36,75,126
153,37,70,121
154,36,67,118
151,42,69,121
152,43,69,118
148,41,72,121
150,45,72,116
148,45,68,112
149,47,69,119
143,48,77,115
145,49,76,113
143,54,74,120
140,60,73,120
141,60,76,115
138,62,81,118
136,67,82,121
136,71,77,116
133,74,81,113
133,76,81,118
133,77,78,122
132,77,76,121
130,77,79,124
130,80,80,119
130,77,77,121
128,75,75,119
132,76,80,128
133,77,80,123
130,77,74,127
129,74,77,128
130,75,79,127
131,73,78,122
131,73,75,125
132,69,76,123
132,69,76,128
129,69,79,132
134,68,79,123
133,68,73,127
135,66,76,128
136,66,72,131
138,66,77,127
141,67,72,123
140,67,79,125
144,66,79,133
144,63,80,130
146,64,75,129
148,62,75,127
152,61,74,124
152,59,73,127
155,58,72,129
159,57,75,122
159,56,72,128
163,54,74,131
165,51,74,131
168,50,72,130
170,50,74,133
171,49,79,134
172,46,71,133
173,45,77,128
176,45,77,131
176,44,73,135
178,40,76,137
179,44,70,129
180,42,70,126
179,43,71,129
183,39,72,127
179,41,70,128
183,40,72,122
184,39,68,127
183,37,64,123
182,36,65,120
185,36,66,119
186,34,73,126
187,34,72,121
189,35,72,120
189,37,70,120
193,33,65,122
194,37,66,122
194,36,64,122
200,39,67,118
202,39,64,114
201,39,65,117
206,38,68,115
205,43,64,110
208,39,66,115
208,41,62,116
208,43,63,111
208,40,66,119
210,44,62,112
209,42,67,111
211,42,59,113
212,39,61,114
212,41,65,113
213,40,66,116
212,40,63,115
211,41,67,117
212,38,59,116
214,39,63,109
214,39,62,116
212,39,58,114
214,37,64,116
212,39,65,115
210,42,68,116
212,41,68,115
209,41,62,118
209,39,64,116
207,40,67,121
207,41,61,115
208,40,63,115
205,41,61,116
206,41,65,117
207,41,61,119
204,42,65,119
206,42,63,117
206,42,66,119
208,40,59,115
211,42,65,116
212,42,61,115
212,41,66,113
212,43,67,116
213,41,61,114
216,41,62,114
217,43,60,112
219,42,59,113
217,43,62,111
221,43,60,112
221,42,64,112
221,43,62,112
222,42,63,116
223,41,67,112
226,43,61,115
228,41,64,115
228,39,66,121
227,42,70,120
230,42,62,117
234,41,69,115
233,41,64,118
239,41,66,116
239,47,67,117
244,49,70,117
243,53,68,118
249,58,69,114
249,59,71,113
253,60,66,114
257,62,70,111
259,66,69,110
265,68,72,114
271,75,71,114
273,80,70,109
282,86,68,113
287,89,71,113
289,97,70,111
296,103,76,116
303,114,75,115
302,118,76,117
304,126,77,121
307,132,73,124
315,133,78,118
316,140,79,127
317,140,75,127
319,143,75,128
321,151,78,130
318,150,80,131
317,158,81,129
318,159,82,125
319,164,80,128
316,168,77,125
318,167,80,125
312,173,80,130
312,176,79,126
314,177,79,126
314,179,75,128
310,183,74,134
310,186,77,134
312,189,72,132
312,194,73,132
315,198,74,127
315,200,78,128
314,201,77,129
318,205,81,131
318,207,77,129
318,209,82,130
321,210,81,130
327,213,81,127
327,215,84,135
331,216,86,133
334,214,86,134
337,213,88,134
337,217,84,139
338,216,88,137
339,217,83,137
342,217,91,139
342,218,88,137
341,217,83,136
342,215,86,134
341,216,85,138
337,218,86,138
335,217,88,133
336,213,84,133
