276,161,73,74
281,161,75,78
282,161,72,78
285,162,79,71
288,160,70,71
291,162,75,73
295,161,72,76
299,158,72,79
300,160,76,74
304,160,72,75
308,162,70,75
310,162,75,78
312,159,71,75
310,155,74,74
313,149,76,65
315,142,74,66
316,141,72,71
314,142,69,69
314,145,71,70
314,148,73,64
313,150,72,67
312,153,69,67
314,153,68,68
312,154,66,67
313,154,73,70
312,156,66,71
312,157,67,64
310,161,72,67
311,161,72,68
312,161,66,65
311,163,70,66
309,162,70,66
308,163,67,68
309,166,71,72
307,165,66,71
306,166,70,71
306,165,71,67
307,163,66,71
306,165,72,70
305,166,73,71
303,171,69,65
302,170,73,69
301,171,69,70
305,172,71,63
305,176,65,66
303,176,66,65
304,177,71,69
305,175,70,68
306,175,65,66
304,175,70,69
303,175,71,69
302,175,71,66
304,178,69,65
303,177,67,69
304,179,72,64
302,179,72,70
303,179,71,66
304,177,73,67
304,178,67,67
303,182,73,67
302,182,68,67
300,182,71,73
302,181,72,71
305,182,68,69
304,177,71,70
308,177,68,75
306,174,68,71
306,170,68,79
308,175,72,76
308,175,73,79
307,180,69,74
305,187,69,74
309,193,74,80
309,196,73,77
309,197,72,76
307,197,68,81
303,194,69,75
304,196,74,73
303,199,75,80
300,202,76,77
299,205,74,79
298,204,73,80
295,208,70,79
296,207,75,85
292,211,78,82
293,210,79,85
291,211,76,82
291,207,78,81
290,204,76,81
291,202,80,84
290,202,82,79
290,201,75,85
289,197,81,83
289,198,78,84
288,196,78,86
288,196,75,85
288,196,77,80
287,195,80,79
291,192,77,85
288,192,78,84
289,193,80,82
290,195,80,83
292,194,80,82
294,193,80,84
293,195,78,80
295,193,81,79
297,193,74,79
295,190,74,84
295,190,80,78
296,192,77,80
297,193,74,81
296,190,73,82
296,190,79,82
298,190,77,81
297,191,78,85
295,191,77,81
297,190,75,79
297,191,73,80
295,190,78,79
295,188,78,79
296,190,75,83
296,189,77,83
296,190,77,81
297,187,80,85
298,191,77,82
298,187,80,83
297,187,77,79
296,188,78,86
294,187,74,80
297,190,79,79
297,190,79,85
296,189,79,84
296,186,77,79
295,186,79,83
295,188,79,85
298,186,78,83
295,186,74,84
298,183,75,82
298,183,74,82
298,183,73,85
297,183,76,85
297,182,78,85
296,179,75,85
294,180,80,83
292,179,74,87
294,179,79,86
294,176,80,82
296,174,74,86
295,175,74,82
294,173,74,87
297,173,75,85
295,173,76,88
296,172,74,80
293,174,81,88
296,173,76,84
296,171,81,83
296,175,80,81
294,175,80,87
294,175,79,82
297,175,77,81
297,175,76,89
295,179,76,84
296,178,75,85
297,178,81,89
294,178,79,81
294,180,79,85
297,177,79,83
293,174,80,82
294,174,81,85
294,173,82,82
295,175,80,79
293,173,82,79
291,172,80,82
291,171,83,79
293,174,81,83
291,174,76,81
290,176,79,80
291,179,79,75
290,180,83,76
294,176,81,77
290,180,80,76
289,183,81,76
291,182,80,81
292,184,80,75
292,188,84,77
291,186,81,73
292,188,78,78
294,187,81,77
290,189,78,70
293,186,75,78
294,186,79,71
295,184,78,77
294,188,81,73
295,181,77,72
298,182,73,71
298,184,78,77
299,182,74,77
298,182,79,73
301,184,76,70
301,186,77,71
302,184,74,74
306,186,77,76
304,187,72,76
308,187,75,71
308,191,70,76
306,193,74,74
309,188,70,75
308,193,76,72
305,188,75,78
307,193,75,74
304,192,73,77
302,190,76,74
303,191,74,70
302,189,76,75
299,186,78,72
301,187,74,72
300,185,77,73
298,182,70,74
300,182,69,73
298,182,71,72
298,180,72,77
295,174,76,73
295,171,72,79
294,172,69,79
292,169,69,74
295,168,70,77
294,167,71,76
297,162,74,79
297,166,70,77
297,168,72,72
299,169,74,70
298,165,69,72
299,166,73,77
299,163,72,72
301,159,68,72
303,157,72,73
301,149,76,74
301,148,70,80
299,144,70,79
298,142,75,77
297,143,72,75
292,142,76,80
290,142,72,78
291,139,74,83
286,138,77,80
289,142,74,78
288,143,74,84
288,140,74,84
290,139,75,84
289,139,71,85
288,136,72,85
285,138,78,79
288,137,73,81
288,141,72,80
288,144,77,81
288,143,79,82
287,141,73,82
288,141,74,89
288,141,74,84
290,144,73,88
286,140,73,84
288,140,77,88
286,140,81,92
292,142,75,91
287,143,76,98
289,145,77,92
288,148,76,94
290,146,80,95
294,154,74,94
292,154,78,95
293,157,79,92
292,157,76,92
290,158,75,96
290,159,74,95
291,164,75,91
292,162,73,89
290,161,74,93
289,162,79,90
289,163,79,89
287,163,73,88
286,168,78,88
285,167,79,87
289,169,78,89
286,167,74,86
288,170,71,82
286,168,76,78
293,173,77,84
290,171,69,79
296,173,70,77
292,171,70,79
294,171,75,79
295,174,70,81
296,170,69,78
297,169,73,81
295,168,73,76
297,169,72,82
297,167,70,79
296,169,72,78
293,163,68,80
287,161,69,80
286,163,67,80
287,161,69,79
279,159,69,80
282,159,70,84
283,163,72,84
283,159,69,81
279,160,73,84
278,158,74,81
280,159,77,85
282,153,74,87
282,152,78,83
280,153,77,84
280,152,79,82
282,149,78,83
279,149,76,81
278,146,80,81
270,145,81,83
267,141,82,79
266,141,76,81
274,142,78,80
269,142,77,83
271,142,76,80
266,138,80,78
271,142,75,78
272,141,76,77
271,136,79,74
276,133,80,76
278,135,76,79
276,134,81,76
273,134,76,81
280,134,81,80
275,133,77,83
277,134,75,82
277,133,77,86
273,128,84,83
273,131,85,84
276,134,85,87
275,133,79,86
273,133,82,87
272,135,83,87
274,133,84,95
272,138,81,92
273,134,84,91
276,136,85,93
271,139,84,90
276,138,88,95
278,137,84,101
278,144,84,92
280,145,80,91
276,145,85,91
281,142,84,94
282,147,80,87
282,146,77,89
285,148,80,93
284,152,80,90
281,151,77,90
284,148,77,86
281,149,83,86
285,152,82,87
283,152,78,86
283,153,81,87
284,153,82,86
286,154,83,83
286,155,78,87
284,158,83,84
286,160,81,86
286,156,77,83
282,156,75,84
284,155,81,86
281,158,77,88
286,164,80,80
287,162,80,87
284,167,75,81
286,167,75,81
286,169,75,77
284,172,73,84
287,176,78,81
286,177,74,78
289,172,75,78
290,180,76,78
289,184,73,77
288,183,76,80
288,188,76,82
286,183,73,79
287,186,74,81
285,189,74,75
284,187,72,80
286,190,72,78
285,189,78,75
285,185,74,74
283,188,77,76
286,183,74,77
286,182,82,75
284,180,82,80
284,180,80,72
283,182,82,73
283,182,76,76
282,183,77,76
287,184,77,71
287,184,75,71
284,185,81,69
283,185,74,73
290,179,74,71
282,181,77,71
287,174,79,77
284,171,74,79
282,173,76,78
278,169,76,73
276,170,78,77
278,169,77,77
276,168,75,76
276,168,78,75
276,173,81,80
273,165,72,76
271,164,76,73
269,165,74,77
270,165,71,72
272,167,75,81
272,164,70,75
271,158,69,79
270,163,77,75
271,151,71,76
268,153,78,83
268,148,82,83
267,148,75,80
267,141,78,82
267,140,85,83
270,139,81,87
264,132,81,88
267,130,84,89
269,126,85,82
265,121,84,90
265,121,84,84
262,121,84,90
264,120,80,82
268,122,84,87
266,123,85,86
267,126,87,83
267,126,85,83
264,128,86,89
266,133,81,89
268,136,82,90
272,139,79,88
271,139,86,91
268,141,84,92
270,143,88,86
270,146,84,90
275,149,81,84
271,149,88,85
278,153,86,89
277,160,81,88
274,160,88,94
282,166,85,86
281,171,87,93
285,176,84,89
283,179,87,83
280,179,86,82
283,183,86,84
286,185,88,86
285,183,81,85
286,184,88,85
286,185,86,80
285,187,84,87
282,184,84,82
283,185,83,80
284,185,86,83
287,183,86,81
285,184,85,85
287,183,88,85
289,183,87,86
292,185,87,87
284,188,84,78
293,182,85,83
290,185,86,87
290,182,89,86
293,182,86,85
290,182,89,81
288,182,86,83
294,184,90,87
294,181,89,82
292,182,87,80
294,184,87,79
291,185,89,85
290,186,90,83
292,187,92,79
295,187,89,84
294,186,86,80
299,187,87,85
295,188,88,78
300,187,93,85
301,185,91,86
297,182,94,80
298,180,93,80
296,179,92,80
293,182,93,84
291,181,92,80
296,181,93,81
290,180,92,80
292,180,100,80
291,178,97,86
289,177,93,82
292,176,93,83
291,175,98,82
292,174,92,83
292,174,99,87
294,171,96,81
293,172,99,84
292,174,100,89
291,174,95,83
291,172,98,88
295,173,96,85
293,175,93,86
293,177,97,85
294,174,95,93
293,174,93,89
294,171,93,97
297,173,96,97
295,177,95,91
293,176,99,95
293,176,94,94
293,172,100,95
291,177,91,88
290,173,98,96
289,170,97,91
288,173,95,92
288,172,96,89
287,167,92,93
286,167,92,88
285,161,94,90
281,163,96,90
284,159,94,99
284,160,92,96
281,159,91,90
282,156,92,95
281,152,95,90
282,152,95,90
283,154,92,91
284,150,92,92
285,152,87,93
286,151,88,94
286,151,90,92
288,150,92,92
288,148,89,92
289,149,88,91
291,149,90,89
289,148,89,90
291,146,89,90
287,147,92,88
287,147,89,95
289,146,90,96
289,148,84,95
289,150,89,95
287,153,87,85
288,154,85,87
290,153,87,87
291,155,86,87
291,156,85,89
292,155,81,91
290,159,80,86
289,160,82,86
289,159,80,87
292,160,81,84
290,159,77,83
292,162,82,86
291,159,83,87
293,161,82,88
295,161,78,81
295,161,80,78
295,165,72,82
295,160,75,83
299,164,74,76
296,162,78,79
297,163,74,84
299,162,72,77
301,162,76,78
299,160,73,83
304,158,75,85
302,157,71,88
306,154,75,83
306,151,79,92
307,150,75,86
305,153,75,92
305,148,78,92
308,150,77,93
308,152,80,89
308,152,77,89
308,149,83,95
312,150,82,88
309,150,84,92
310,147,83,89
313,151,82,94
310,147,83,96
311,150,81,89
313,147,79,92
312,148,85,90
311,148,84,86
310,149,85,88
307,150,81,93
308,148,82,85
309,149,83,85
308,152,82,88
305,149,81,83
305,149,79,84
307,148,80,82
303,150,80,85
305,149,80,82
301,151,83,87
303,149,75,79
299,147,81,82
296,146,79,85
299,146,80,83
299,150,78,78
296,147,76,82
292,146,78,84
295,149,77,76
292,147,74,78
290,151,76,77
289,151,74,82
286,152,72,77
283,152,72,83
283,155,72,77
279,155,79,79
279,156,81,83
277,160,79,80
274,164,77,77
275,161,77,83
272,168,74,81
270,170,77,83
269,170,81,84
267,170,76,79
268,171,82,83
265,169,78,77
268,168,83,83
266,171,87,80
265,170,86,86
270,170,79,85
267,168,82,86
268,165,81,84
271,164,83,84
270,167,82,80
272,163,79,79
274,168,79,82
272,168,81,76
276,166,75,84
276,169,75,80
277,169,81,82
278,170,79,80
279,169,80,73
282,172,80,80
281,169,76,78
287,166,75,75
291,164,78,78
296,166,76,77
302,166,76,79
305,167,76,76
310,163,70,76
311,170,73,76
314,172,72,82
320,171,70,78
317,173,75,78
321,173,68,84
324,172,76,86
324,168,69,88
325,170,75,87
323,168,72,87
323,167,73,93
323,163,77,88
325,164,74,87
324,166,77,91
326,163,75,89
325,161,75,92
324,158,76,91
322,158,72,88
323,157,72,88
320,156,77,91
322,161,76,95
321,158,72,90
323,161,73,93
317,159,75,94
318,163,76,89
314,157,75,87
306,155,79,91
304,156,80,93
300,149,79,89
299,146,79,95
294,140,85,92
296,137,80,98
295,132,79,93
297,128,76,95
297,130,81,102
300,125,79,100
298,124,79,96
298,125,82,99
300,121,78,94
300,123,82,95
301,120,83,98
299,120,82,96
298,119,84,96
300,121,79,94
299,118,84,94
303,118,79,93
300,122,82,94
303,122,82,98
302,122,80,97
298,122,77,90
297,122,83,95
300,124,81,94
297,125,76,94
303,125,77,97
301,130,78,93
304,129,80,93
305,129,79,93
305,135,85,91
306,135,86,92
305,132,84,92
304,137,85,96
306,137,79,97
306,140,82,90
303,136,86,88
302,134,78,91
303,136,80,90
304,137,79,92
300,138,82,92
300,139,77,90
301,141,84,84
304,141,79,87
302,144,83,89
304,146,81,88
304,144,83,89
300,144,84,86
303,145,82,88
299,144,83,85
304,146,82,82
309,144,82,85
309,145,80,83
303,151,82,81
304,150,84,83
302,149,83,77
302,149,83,80
302,150,81,81
302,150,82,79
301,148,78,81
299,148,83,76
295,145,75,79
293,146,83,80
291,140,83,78
290,139,80,80
287,141,83,78
286,138,81,82
282,139,80,85
282,138,81,87
281,137,82,83
281,136,78,85
278,134,81,86
277,134,85,84
278,135,79,88
279,132,82,88
273,134,82,89
276,128,85,81
275,136,81,85
276,138,82,81
278,137,81,86
277,140,85,85
277,135,82,81
280,139,80,82
279,135,81,85
281,135,79,83
279,139,79,78
281,141,74,87
281,140,78,87
276,138,79,85
279,144,76,86
277,141,81,86
272,138,83,80
276,139,84,87
275,141,81,86
273,144,83,88
270,142,78,89
268,144,77,88
270,144,79,87
272,143,83,85
267,146,80,86
267,147,80,87
266,148,78,89
269,149,75,89
266,154,73,92
266,154,77,95
266,157,77,92
269,155,73,86
268,158,80,92
265,155,77,89
270,157,73,88
275,162,78,88
275,161,74,88
270,156,77,86
273,155,77,88
276,156,77,87
274,155,74,85
277,155,74,85
276,151,77,83
278,151,76,81
278,150,72,83
281,150,72,81
281,150,70,76
281,145,75,83
280,146,73,81
283,143,73,78
282,140,74,77
285,141,72,73
287,137,72,78
288,137,76,78
285,139,76,74
287,138,74,80
283,135,78,75
284,137,75,75
283,134,72,75
286,137,75,73
284,132,78,79
284,131,75,80
284,134,77,80
285,133,78,76
287,132,79,77
286,131,76,80
288,130,72,79
287,125,73,82
290,130,71,85
292,125,77,82
291,128,72,83
288,126,73,86
287,126,75,92
288,123,79,91
285,124,75,90
285,126,81,92
287,129,79,89
287,130,81,91
288,128,77,96
290,129,78,90
291,129,77,89
291,127,75,90
293,124,77,94
291,126,80,95
292,124,77,92
290,130,77,91
291,127,80,92
289,128,83,93
292,127,79,93
290,127,83,92
288,124,80,96
287,125,84,96
290,124,80,95
287,118,81,95
289,117,84,91
290,115,84,90
287,113,81,96
287,109,82,92
288,110,80,97
288,106,83,92
289,104,81,94
290,106,77,92
289,106,80,96
292,106,80,93
293,108,77,88
294,106,78,87
291,107,83,89
293,106,83,93
295,109,80,86
292,112,80,86
289,111,82,86
293,112,80,88
290,111,82,91
288,116,78,89
288,115,77,86
289,117,82,91
288,121,79,91
289,122,84,87
289,126,86,86
287,127,82,82
290,132,87,84
293,135,80,85
292,136,82,82
294,139,86,83
296,144,86,78
298,143,81,75
296,144,78,75
297,148,84,74
299,152,79,69
297,155,80,69
298,156,76,67
297,160,79,67
298,158,77,67
295,163,73,71
295,164,74,65
296,164,72,62
297,162,75,63
291,165,70,65
296,164,73,68
287,162,72,67
285,163,72,69
262,148,77,69
266,143,75,74
287,165,77,64
290,165,78,65
286,163,81,67
283,165,81,70
285,167,76,67
283,168,75,65
279,168,76,66
280,168,81,71
282,174,78,64
280,178,81,64
277,177,76,70
280,181,80,66
277,184,76,62
278,183,81,66
281,184,79,65
277,185,81,65
277,185,76,70
271,185,82,66
275,188,81,72
271,187,83,75
276,186,81,76
271,185,83,72
272,186,86,74
267,184,85,75
272,185,85,74
269,182,84,78
274,182,81,80
281,183,81,75
277,184,88,79
274,180,85,76
278,179,85,81
285,178,86,82
283,178,89,83
285,175,91,87
287,178,87,89
283,177,93,88
291,179,87,90
285,178,89,91
292,179,91,87
287,182,90,91
296,180,89,88
293,179,94,92
297,182,90,88
299,180,94,90
297,183,91,87
299,178,89,87
295,178,94,87
299,176,90,92
293,173,99,90
298,174,93,89
298,171,92,90
293,167,98,87
291,167,101,88
293,163,97,88
289,164,96,86
291,160,94,90
292,160,96,90
291,155,96,88
289,153,94,90
293,152,91,87
297,152,92,86
294,148,98,88
293,146,94,89
295,147,95,85
294,147,94,83
296,144,90,86
294,145,94,84
295,145,91,85
291,145,96,84
294,145,90,89
292,145,92,86
296,144,91,79
294,146,88,85
292,147,89,84
295,145,88,83
294,145,90,80
292,145,90,81
296,144,87,81
297,145,86,81
292,146,85,77
292,146,87,80
294,145,88,76
294,148,87,81
292,145,87,79
292,145,87,78
292,142,87,77
286,144,85,79
289,141,88,79
289,143,82,72
290,141,87,75
290,139,86,74
291,142,83,77
289,141,77,73
288,145,81,77
285,145,82,74
286,146,79,78
286,148,75,77
280,149,83,78
284,147,80,80
282,144,81,81
278,144,80,80
281,141,81,77
277,143,82,80
283,142,80,78
278,139,85,76
281,138,80,79
284,138,85,82
284,137,81,77
283,132,81,78
285,136,86,75
282,129,85,77
283,128,84,76
285,128,79,78
287,126,81,77
285,123,79,74
286,121,80,73
285,121,82,77
281,123,81,72
283,119,85,73
281,116,83,78
280,120,83,71
278,117,86,75
280,116,89,76
282,118,86,76
279,115,83,78
283,117,82,75
283,119,86,80
283,118,86,80
278,116,84,83
278,114,86,85
281,115,83,80
280,114,91,81
282,110,87,84
278,114,87,88
276,114,83,82
277,115,82,86
273,112,86,89
272,112,85,91
272,109,88,90
274,118,85,87
269,115,81,92
271,115,82,94
270,114,86,91
269,113,87,89
269,114,87,92
269,114,88,91
270,115,83,93
266,118,81,95
267,120,86,84
266,117,84,93
263,121,83,89
264,128,88,89
264,126,86,92
266,124,86,87
259,128,89,91
261,124,83,90
262,125,84,87
264,124,88,94
265,126,86,88
263,128,92,89
264,130,88,88
266,130,84,85
262,133,81,80
261,134,89,88
263,133,88,85
262,132,82,83
261,131,86,88
261,132,87,89
264,130,89,84
263,129,85,84
263,139,86,89
266,136,83,89
267,139,79,90
265,143,80,88
268,144,84,85
271,143,80,88
266,142,85,81
270,141,81,85
271,148,77,85
267,143,82,85
270,146,77,85
273,149,85,77
279,156,81,73
291,162,83,76
287,159,86,82
290,156,89,79
288,154,83,80
287,152,85,84
293,157,86,82
291,152,89,90
293,152,89,90
295,154,88,89
295,156,86,85
295,158,94,85
300,157,86,90
302,154,95,92
306,152,89,90
299,152,92,88
304,152,95,93
304,149,95,89
303,152,90,93
301,150,92,88
304,150,93,86
303,156,97,87
301,157,91,92
301,158,96,85
309,160,89,87
302,163,93,89
310,165,89,85
309,164,90,82
309,168,95,82
311,167,92,81
309,165,88,85
313,167,94,85
310,166,91,84
311,166,90,81
311,169,90,86
307,165,94,81
312,168,93,85
314,168,91,80
317,171,87,83
314,168,93,85
307,169,93,86
311,169,92,83
309,165,95,85
310,163,90,84
310,168,90,78
309,167,87,80
317,168,90,82
311,168,93,80
313,165,93,82
312,167,91,81
316,164,90,78
316,164,83,76
315,158,89,80
312,160,85,76
313,158,85,77
313,154,87,75
315,150,86,81
315,149,84,74
313,147,81,79
313,145,88,82
312,142,85,79
316,138,85,82
320,139,81,79
315,137,79,78
317,138,77,77
318,138,77,73
319,138,79,77
319,139,73,73
314,136,73,77
319,137,76,69
320,134,74,76
315,131,72,70
315,131,77,74
316,125,74,74
314,124,72,74
316,117,69,73
313,114,67,75
316,112,70,73
314,114,70,72
317,110,65,68
316,112,68,76
312,111,68,76
318,111,73,74
324,110,65,75
325,110,71,70
322,112,65,69
324,111,64,71
321,110,69,72
323,108,65,65
326,107,71,67
328,107,70,66
325,107,65,69
325,108,62,67
326,107,67,71
325,106,64,69
325,104,66,73
323,107,70,73
320,108,65,74
321,103,70,71
325,107,72,69
324,106,73,68
324,105,72,66
324,99,71,72
320,103,71,75
323,101,71,70
321,103,69,76
320,103,72,77
324,106,71,73
323,106,72,75
322,104,73,69
324,105,75,73
321,101,75,70
320,98,74,75
322,99,73,71
321,96,74,72
323,100,69,74
321,98,68,74
324,100,72,72
322,99,68,70
322,99,73,75
320,99,69,74
321,102,69,71
325,102,72,75
324,101,72,69
327,98,66,74
327,98,72,72
328,97,66,71
328,97,75,76
330,90,67,77
335,91,67,76
333,87,67,71
332,88,70,75
333,89,71,73
337,87,70,71
335,88,73,74
337,90,75,74
337,86,70,74
338,87,73,74
338,89,72,72
339,90,72,69
338,87,73,71
338,89,67,70
336,92,71,72
336,93,66,71
338,89,72,71
335,92,68,70
333,90,74,69
337,93,72,70
334,91,67,75
332,89,73,71
335,88,73,77
339,87,71,71
333,87,77,69
335,85,71,70
333,84,81,74
330,86,79,75
333,80,79,73
334,80,82,75
335,79,76,68
332,81,84,71
330,82,80,71
333,77,85,74
332,79,81,74
333,78,80,75
327,79,87,66
328,80,84,73
322,78,87,72
323,77,83,70
319,77,86,71
321,80,86,69
317,81,90,68
315,81,91,74
312,84,87,76
312,83,90,73
314,83,82,72
312,86,85,74
312,88,83,68
310,89,83,70
307,89,85,73
305,91,86,74
307,91,83,72
303,90,81,74
303,91,85,71
307,91,82,74
308,91,86,72
306,95,78,75
306,95,81,70
307,94,78,74
305,97,78,76
303,97,82,74
303,96,81,77
303,98,78,73
305,96,82,73
303,97,76,73
302,99,75,73
299,102,80,72
300,99,80,75
303,97,74,77
300,97,80,74
302,99,79,77
299,103,76,73
300,104,70,78
296,109,71,75
297,111,70,73
296,113,73,71
294,119,69,77
297,119,73,75
290,124,67,78
291,126,71,74
291,129,69,70
291,130,68,77
290,130,65,76
289,131,69,72
286,132,69,77
286,127,65,77
283,130,66,75
287,128,69,73
284,127,70,70
284,128,64,75
282,128,63,73
285,126,61,69
285,125,65,72
284,128,61,74
281,124,63,75
285,127,65,72
284,129,68,73
285,129,62,73
283,136,67,69
285,138,63,72
282,135,67,71
286,137,66,70
282,135,64,70
284,135,64,70
282,133,63,74
283,129,70,73
283,128,72,73
282,125,69,76
280,123,72,71
275,122,71,75
277,120,72,76
279,123,75,76
280,121,78,77
278,122,78,78
282,117,78,77
276,118,81,74
278,117,77,77
281,115,83,81
284,112,79,77
285,111,86,78
280,111,83,77
286,109,81,84
286,108,86,79
282,108,86,83
283,110,90,80
287,104,87,81
284,108,88,84
289,109,86,82
287,109,90,80
282,109,89,79
287,111,88,81
284,111,92,77
283,112,87,79
289,111,92,80
288,111,91,82
292,109,89,82
289,108,88,76
294,106,91,77
289,102,88,81
293,105,93,82
292,103,91,79
296,102,87,77
293,104,83,79
295,105,88,81
298,103,82,80
300,102,85,77
298,99,80,80
301,98,85,76
302,95,86,78
301,97,79,78
301,98,77,76
305,97,82,75
302,96,82,76
303,96,79,77
304,91,81,78
308,93,76,77
307,89,80,76
306,89,82,76
308,90,83,78
308,88,80,74
307,88,78,79
307,84,82,83
309,85,80,85
307,83,78,78
309,83,81,81
308,84,78,81
309,84,80,86
309,83,79,87
308,82,76,86
311,81,79,89
308,81,78,91
311,80,74,91
308,82,78,91
310,81,77,88
311,82,79,90
315,85,78,88
313,88,78,89
315,87,71,95
315,91,72,92
317,91,70,92
318,90,70,93
317,96,74,87
321,96,70,87
320,99,72,88
320,97,75,84
320,100,70,85
318,101,72,84
318,99,75,88
320,102,71,89
315,99,71,84
316,100,72,88
312,100,72,85
311,102,72,88
312,102,76,87
311,100,70,91
311,100,74,84
309,100,73,89
309,99,78,90
308,98,73,92
304,96,76,92
303,94,75,90
301,92,75,93
298,91,72,92
299,93,76,95
302,90,73,98
299,94,75,97
300,92,78,95
297,94,79,93
300,96,78,96
301,93,74,99
300,98,76,96
297,91,74,93
296,100,78,99
295,99,76,99
296,99,77,97
296,97,75,94
295,98,80,94
298,97,76,93
297,98,73,95
301,98,73,97
299,101,79,97
300,103,79,95
300,103,76,94
299,103,80,95
297,103,80,91
297,103,75,93
297,107,79,93
300,106,80,91
298,106,79,96
298,103,75,95
301,106,74,96
300,103,75,97
302,106,73,92
299,108,80,90
301,105,80,96
301,107,74,93
303,106,74,92
300,105,76,96
300,107,81,93
299,105,75,92
303,109,80,96
301,107,74,91
303,109,73,95
301,109,80,90
304,109,77,96
303,109,75,93
300,110,80,96
303,109,78,96
302,112,75,93
301,106,79,96
303,111,80,94
303,109,81,92
302,110,78,96
304,110,78,91
301,111,74,93
304,112,74,92
304,109,81,91
304,116,74,97
306,117,79,95
308,113,74,91
306,116,74,94
307,117,77,95
308,114,74,97
311,117,78,98
308,119,76,91
311,118,76,92
310,116,69,87
313,118,70,91
313,122,69,90
313,118,75,95
316,123,71,92
314,120,72,89
317,122,72,90
316,118,72,94
316,123,69,93
313,119,74,88
313,120,71,94
312,122,71,91
311,125,71,92
310,129,70,90
311,129,70,92
312,128,76,87
309,130,73,89
310,134,71,92
309,135,75,94
313,136,77,86
312,137,76,88
313,137,79,93
313,140,78,86
312,138,73,91
312,140,76,93
314,139,77,89
314,139,77,89
316,137,73,86
314,139,77,87
313,139,73,87
311,139,76,90
308,143,72,88
307,142,74,85
308,143,81,92
306,147,75,91
304,149,81,86
306,154,76,88
306,157,77,86
309,156,80,88
308,160,77,87
308,159,77,85
309,158,73,88
310,159,78,87
308,157,75,89
309,161,77,85
310,157,77,89
307,157,79,91
306,156,80,87
309,156,78,91
309,153,79,88
310,154,80,88
313,151,80,92
311,152,78,87
313,147,78,91
311,145,78,90
314,141,73,88
315,139,81,87
317,135,77,89
315,133,80,91
317,127,79,93
315,127,84,95
315,123,80,96
313,119,84,90
310,115,82,92
306,115,78,95
304,118,80,94
300,119,82,95
298,117,80,96
296,114,82,96
294,112,80,98
295,117,84,97
297,117,85,100
293,118,83,99
292,119,85,96
292,118,83,101
290,119,86,93
294,120,78,98
291,119,85,100
291,121,84,96
289,119,81,98
292,115,81,102
290,117,79,96
291,115,82,97
292,117,79,100
295,116,85,100
295,115,78,93
294,114,79,98
297,114,84,100
297,113,78,99
296,112,84,95
295,112,79,95
295,112,81,98
298,111,80,97
295,110,83,100
295,112,78,102
293,113,84,101
298,112,80,97
293,110,82,96
296,111,83,98
295,110,80,99
298,110,80,94
294,108,87,96
296,107,85,101
295,109,83,101
299,108,85,102
299,111,84,96
295,109,80,95
298,113,80,102
296,111,82,99
295,113,87,102
294,111,80,100
294,114,81,102
293,118,83,95
294,118,83,101
294,120,80,96
297,119,81,100
291,122,79,97
293,125,87,95
296,124,84,100
295,120,81,95
295,120,83,98
298,120,82,103
297,122,83,98
302,120,85,99
296,120,84,101
299,122,82,97
302,119,83,101
301,122,79,93
302,117,84,91
302,126,80,96
305,129,82,91
303,129,79,90
301,125,84,90
305,119,90,95
305,118,86,97
303,119,82,99
306,119,83,102
307,117,89,100
307,118,87,105
305,117,88,101
309,121,86,103
310,121,86,99
312,120,86,99
313,120,86,97
318,121,83,101
321,121,82,100
324,123,82,99
324,125,82,103
324,126,86,100
327,126,90,102
328,122,86,101
326,122,88,99
330,120,83,102
326,121,85,102
327,118,87,98
326,117,83,103
325,117,82,97
327,114,86,97
322,116,82,97
319,113,89,101
321,115,81,96
316,110,82,100
316,111,85,95
312,107,81,101
313,104,84,97
310,107,83,96
310,106,81,98
308,104,82,96
306,102,85,97
306,104,81,94
304,104,82,102
302,107,87,99
301,106,87,100
298,108,86,100
300,111,80,102
296,110,81,101
295,111,87,98
296,114,80,101
295,112,85,98
293,113,83,96
294,115,82,101
294,116,85,98
299,113,81,96
293,121,89,86
295,122,85,95
299,119,86,96
304,120,84,98
305,120,81,102
306,120,84,100
308,124,88,97
309,121,85,100
311,122,80,100
313,123,84,100
310,124,80,103
311,126,79,102
313,123,87,102
310,122,80,96
312,125,86,98
311,123,82,101
314,124,81,101
314,125,87,97
313,120,87,101
315,124,88,102
318,126,87,96
315,125,83,99
313,126,87,97
314,127,86,97
313,124,80,95
310,128,81,102
308,127,82,99
307,124,82,98
304,123,82,98
303,124,85,100
304,124,87,97
304,125,82,96
306,124,87,102
308,126,84,101
306,123,84,97
310,122,84,102
308,124,84,104
307,125,85,98
307,127,85,99
308,128,80,104
307,124,79,102
308,128,82,102
307,128,85,99
310,128,85,96
308,127,80,99
308,129,82,102
309,126,88,105
309,128,86,105
309,126,83,101
307,129,83,105
307,127,86,100
304,128,88,103
304,128,82,101
306,124,85,101
307,125,87,98
307,130,81,101
309,124,85,100
305,124,87,103
303,130,88,104
308,125,87,103
302,128,87,104
303,128,87,103
304,129,81,104
299,130,87,99
301,132,87,98
298,132,88,103
295,135,89,102
292,140,86,100
292,141,86,98
292,140,84,98
292,143,85,102
294,146,86,95
290,146,88,103
293,141,82,100
294,147,83,103
291,145,87,97
292,150,86,96
294,148,88,96
292,147,83,99
291,150,87,94
292,150,83,97
288,149,90,93
288,147,84,92
286,145,85,97
286,149,88,95
284,145,82,93
281,148,89,96
278,148,88,97
278,148,88,94
278,145,87,92
276,150,89,96
276,144,88,100
278,143,83,95
275,147,83,97
275,145,86,96
277,144,84,99
275,139,83,104
275,141,84,98
279,139,87,104
279,136,85,99
280,139,82,102
278,136,84,100
279,132,83,104
276,137,82,99
276,140,81,101
279,136,81,99
277,134,86,94
275,136,84,93
274,134,88,99
275,133,84,95
273,134,86,95
274,129,86,90
272,130,91,96
272,128,91,96
271,127,87,96
273,126,91,98
273,123,87,93
272,127,85,99
272,123,89,95
274,123,88,93
272,121,90,93
269,121,85,94
275,121,89,97
269,119,85,92
276,118,86,95
271,120,91,96
271,123,89,89
270,123,87,94
270,124,91,94
270,125,87,92
276,132,88,94
273,129,90,89
276,132,92,88
277,133,93,88
283,133,89,90
287,135,86,86
286,131,88,91
290,130,89,90
295,133,89,91
295,131,86,88
297,128,82,88
299,124,81,84
303,118,84,89
303,119,77,84
304,121,81,90
306,121,78,86
308,120,80,87
309,120,81,81
308,124,81,85
309,124,79,78
310,121,75,79
313,122,80,80
312,121,78,77
316,119,75,83
316,122,78,77
318,124,73,81
313,132,75,81
315,130,78,80
322,128,71,80
319,136,80,79
317,137,75,74
314,139,74,76
309,140,75,75
310,140,79,77
307,141,75,76
307,137,79,75
306,135,79,77
307,136,78,77
305,138,78,77
309,133,74,76
303,139,68,75
309,137,67,72
310,135,68,70
309,137,67,73
312,137,73,76
311,140,72,68
316,137,73,70
313,141,73,74
315,141,70,74
313,140,74,76
312,138,72,73
308,140,80,74
307,141,80,76
309,136,74,75
307,140,74,77
310,134,76,82
305,141,81,81
302,146,85,80
306,140,86,85
296,147,87,83
297,142,86,83
296,142,88,87
298,142,86,85
300,142,83,87
297,144,83,88
294,145,82,90
290,143,83,90
290,144,87,90
293,145,81,90
290,147,85,92
290,147,82,93
287,147,86,87
290,149,83,93
285,151,84,90
288,148,86,92
292,149,81,92
290,148,83,92
286,148,89,96
288,147,82,98
287,147,86,101
287,146,89,95
285,140,83,100
288,142,88,99
284,139,89,98
282,142,83,102
284,135,84,101
283,135,88,104
286,128,88,103
281,134,90,100
282,131,89,102
283,131,84,103
283,127,83,100
283,124,85,100
280,123,87,100
281,124,90,100
283,119,90,95
282,119,87,91
283,118,84,91
279,117,87,93
278,116,88,89
281,114,88,96
279,121,83,91
278,117,92,94
278,116,86,93
274,117,84,92
275,116,85,94
276,112,88,94
276,113,84,93
276,116,91,87
274,112,89,87
279,115,90,88
277,114,89,85
274,110,90,91
276,109,84,84
276,111,87,87
277,111,85,87
278,111,90,85
278,108,90,87
275,114,91,86
277,110,88,90
278,114,86,86
277,116,83,88
280,117,88,93
279,119,88,92
279,119,83,90
279,119,87,92
279,119,86,98
279,119,89,94
276,116,85,98
277,116,85,94
280,118,89,99
277,119,90,99
277,115,86,100
278,121,88,96
279,119,89,96
277,116,87,101
284,121,87,104
285,125,88,99
282,125,83,97
278,124,85,96
285,126,88,102
276,122,90,97
282,120,88,106
275,117,89,104
276,118,89,107
273,113,97,108
271,111,90,110
268,109,93,110
269,111,98,108
264,107,93,107
267,107,93,112
267,104,95,114
263,101,102,114
260,102,101,117
255,99,109,122
247,96,108,121
239,92,114,125
234,90,109,128
230,89,111,136
218,86,120,130
214,81,119,135
213,77,118,134
210,72,122,141
202,68,117,135
202,58,119,145
198,56,118,135
199,54,118,143
200,45,120,144
205,43,124,142
202,40,125,147
203,34,124,148
203,34,122,144
211,33,116,142
211,31,125,142
213,36,120,147
216,45,119,145
215,51,127,147
219,53,126,139
224,63,123,139
223,67,122,132
225,66,117,134
227,67,117,135
226,60,122,133
225,56,119,133
228,48,123,131
228,41,126,132
234,38,125,136
240,34,124,141
248,30,125,142
250,25,128,139
251,18,128,141
250,15,125,140
258,13,130,149
258,9,126,147
260,7,129,152
261,4,129,147
263,8,133,154
262,12,132,153
260,8,134,157
264,8,138,157
258,9,140,149
262,4,140,160
253,5,143,160
257,3,144,162
254,-2,139,166
259,-5,144,161
256,-4,141,170
