225,135,61,71
226,139,66,75
223,139,65,68
223,153,65,69
225,139,56,67
224,137,59,66
221,133,54,64
210,122,60,63
209,119,58,65
201,109,60,58
205,105,56,62
200,101,56,61
197,96,58,66
197,90,55,62
195,89,56,68
188,85,62,70
192,88,60,69
189,86,59,69
191,86,60,67
189,88,59,72
190,88,57,69
188,90,66,69
189,89,65,70
191,89,66,72
189,92,61,72
193,95,68,74
194,98,66,72
194,100,68,75
198,105,61,69
201,105,63,70
199,102,67,71
203,101,64,77
205,93,63,71
205,89,66,76
207,81,63,77
206,73,69,78
210,74,63,79
210,69,65,73
210,69,67,72
211,72,64,75
213,75,63,72
215,72,62,76
214,79,66,76
217,82,69,76
213,87,71,77
214,92,70,76
214,97,66,80
215,99,72,74
215,104,74,77
216,111,68,80
215,114,72,79
216,116,74,76
219,117,71,77
222,111,77,76
228,105,71,82
227,99,75,80
231,89,74,79
236,82,71,79
234,82,65,82
234,72,64,80
233,76,69,87
234,82,68,83
230,89,72,88
237,91,71,85
237,94,63,80
239,96,62,83
239,103,67,78
241,99,66,69
238,97,69,76
243,96,70,75
242,96,72,72
243,99,70,76
244,100,70,78
246,105,71,85
242,106,69,78
244,108,73,82
242,106,69,83
246,103,71,85
247,95,71,79
251,88,69,82
249,76,64,82
254,69,60,79
252,61,62,83
255,57,63,83
253,57,67,74
257,59,66,78
256,59,65,78
256,64,64,78
257,65,69,81
257,68,67,80
259,74,68,79
257,71,67,77
257,69,66,75
255,70,68,84
255,74,68,86
254,73,73,81
253,81,73,83
249,86,73,86
245,90,76,91
237,89,79,93
233,89,84,89
230,79,86,97
228,71,83,98
231,63,80,96
232,52,81,92
236,48,80,93
240,50,76,91
244,55,70,86
244,61,80,95
244,68,79,84
249,70,80,91
249,80,78,89
247,81,75,88
249,85,79,93
245,85,77,88
245,84,78,88
244,82,76,96
242,81,77,91
240,79,80,97
237,75,80,100
235,78,80,106
228,84,78,98
226,88,79,99
227,89,81,103
229,84,80,100
232,80,78,103
237,67,85,96
238,63,76,99
247,55,75,97
249,54,72,95
254,61,80,99
257,65,82,92
258,77,78,93
258,84,83,90
260,88,83,92
258,91,85,92
255,95,85,99
256,92,83,100
254,93,82,98
254,89,84,101
251,91,83,101
246,90,82,92
246,90,87,96
241,97,86,98
234,103,86,94
225,103,90,96
223,104,87,93
221,97,86,96
222,91,86,97
227,82,87,102
232,74,80,96
235,68,77,101
239,61,76,96
245,62,84,96
247,63,84,94
245,71,83,90
248,81,82,82
249,86,81,81
246,93,87,84
241,101,85,86
240,101,88,86
236,100,86,85
236,97,89,90
232,93,90,97
229,90,89,96
225,89,86,99
222,83,86,97
220,86,86,100
213,89,87,102
208,93,91,100
204,96,97,100
205,90,97,108
207,87,98,109
209,82,93,102
215,76,88,107
217,67,84,102
222,61,88,97
229,60,79,96
233,68,84,92
236,70,82,94
231,79,87,84
234,81,87,93
237,89,87,86
232,92,86,93
230,91,89,94
231,91,86,91
228,94,83,95
225,90,87,93
226,90,81,94
219,91,89,94
217,90,92,100
213,94,90,95
207,98,94,96
202,99,98,97
202,96,98,96
204,90,94,96
202,85,98,104
203,78,86,100
207,64,90,101
206,58,85,100
210,52,84,96
210,46,81,94
208,40,78,92
205,43,80,92
209,44,81,91
207,44,76,87
210,51,73,93
206,56,72,93
208,59,72,88
208,66,77,95
209,68,72,88
207,75,72,87
206,80,77,88
213,83,72,90
205,94,79,92
212,96,76,92
206,98,84,85
208,103,80,85
211,102,82,84
214,98,82,88
216,92,83,89
218,87,82,84
222,77,80,92
219,72,78,83
222,65,78,85
224,57,77,86
222,51,79,95
225,43,75,91
226,33,83,94
229,31,81,90
230,26,82,88
231,26,84,87
235,22,80,92
239,24,85,87
235,29,81,90
242,28,79,85
241,30,79,84
243,36,85,87
240,38,89,90
238,43,89,91
235,51,96,94
231,50,101,99
227,53,104,104
224,51,103,104
219,44,101,100
218,36,103,100
214,32,100,104
207,30,98,99
206,23,91,104
200,23,94,104
195,25,92,100
196,25,91,99
189,30,89,101
187,31,89,101
185,34,88,95
183,34,93,99
179,40,88,92
175,42,91,99
168,46,89,98
168,49,89,100
162,49,89,102
158,56,91,98
154,60,92,103
154,66,85,101
148,71,88,101
148,70,96,97
149,71,97,99
154,67,94,101
161,61,86,97
158,51,85,97
165,40,86,95
170,36,92,96
172,27,91,95
178,23,91,95
181,19,92,92
186,20,96,93
187,20,91,96
191,14,95,100
197,15,101,97
199,20,100,98
204,20,99,96
207,25,100,100
206,26,107,91
211,32,100,99
211,39,103,94
214,45,109,97
214,52,108,99
214,61,108,99
207,63,116,105
201,68,117,108
195,64,108,112
189,57,110,104
186,43,101,103
182,31,98,110
179,22,100,101
175,15,92,103
172,11,91,101
169,11,88,101
164,14,89,104
163,19,93,99
164,23,87,99
166,30,79,91
164,35,84,91
163,40,81,93
158,39,80,98
150,42,88,97
148,46,83,96
149,48,81,100
147,52,84,95
141,57,88,97
142,64,84,103
139,71,81,101
138,70,86,102
135,72,91,104
138,68,85,99
142,56,87,100
147,43,88,101
150,31,88,101
155,21,86,98
156,17,82,103
160,13,80,98
163,13,84,93
166,14,81,95
167,13,86,94
170,10,87,95
171,10,88,97
172,10,88,101
173,13,88,102
174,14,85,104
174,17,87,109
176,24,90,101
178,28,89,101
174,36,92,104
177,39,89,101
176,44,96,108
172,50,94,107
172,52,94,101
174,51,89,102
169,48,96,100
170,44,91,102
170,40,93,98
167,30,92,102
169,28,92,99
170,23,89,100
170,26,89,102
168,25,88,96
166,25,88,101
166,26,90,93
168,27,89,92
173,30,87,94
169,28,93,95
170,35,92,91
166,35,87,89
163,33,91,89
164,34,87,91
158,40,89,88
155,47,89,89
152,57,89,90
150,66,85,92
146,72,88,90
141,82,84,93
140,88,82,96
133,92,91,93
130,96,88,94
124,100,94,95
