298,149,67,122
297.5,149,68,123
297,147,70,123
296,145,68,126
295.5,143,66,123
297.5,141,72,124
298.5,142,71,130
294.5,140.5,74,130
298,137,69,131
299.5,137,73,131
300.5,137,77,131
301.5,137,75,137
303.5,137.5,74,130
308.5,138.5,74,127
307.5,134.5,75,128
310.5,134.5,69,126
308.5,131.5,69,133
310.5,129.5,68,130
313.5,133,66,126
310.5,130,70,130
310.5,128.5,73,131
313,130,75,136
310,128,69,134
310,128,74,129
311.5,130,71,128
314,129,72,122
311.5,128,72,126
309.5,125,73,128
308.5,126,71,125
308.5,122,72,123
309,122,65,121
308,119,69,121
309.5,120,69,124
310.5,119,66,126
308.5,116,72,127
311.5,125,72,130
310.5,123.5,75,126
313.5,123.5,75,133
314.5,126,70,127
315,126,68,125
316,121,70,123
319.5,122,65,121
319.5,120,69,120
321.5,122.5,62,118
322.5,123.5,69,122
323.5,123.5,68,122
325,122.5,67,121
327,123.5,67,119
328,124.5,63,114
328,123.5,67,114
327.5,121.5,66,123
326,122.5,63,120
327,122.5,66,117
330,122.5,64,118
328,124.5,61,120
331,122.5,67,116
329,125.5,63,117
332,126.5,67,116
333,123.5,68,116
335,124.5,65,115
336.5,124.5,62,117
337.5,124.5,69,122
338.5,122.5,64,120
342.5,122.5,62,122
343.5,123.5,69,119
344.5,124.5,68,119
348.5,123.5,64,123
350.5,124.5,63,120
349.5,126.5,62,123
351,127.5,63,116
353,127.5,61,121
355,127.5,66,116
357,128.5,67,121
358,128.5,66,117
362,126.5,66,119
363,127.5,62,117
363,127.5,66,114
363,126.5,64,114
365,126.5,67,121
368,125.5,62,119
369,127.5,63,117
372,126.5,63,114
370,124.5,64,116
372,124.5,67,117
373,124.5,65,121
377,126.5,66,121
379,124.5,63,115
377,124.5,68,118
381,124.5,67,120
383,124.5,63,116
385,122.5,67,119
384.5,122.5,62,118
385.5,122.5,69,118
387.5,123.5,62,122
389.5,121.5,64,121
393.5,122.5,62,116
391.5,121.5,67,119
392.5,120.5,63,121
394.5,119.5,69,118
395.5,119.5,64,116
395.5,118.5,66,121
396.5,119.5,67,118
396.5,118.5,65,121
398.5,116,71,123
397.5,118,71,121
397.5,117,71,126
397.5,116,66,121
394,116,66,126
395,115,68,127
396,115,69,123
393,114,70,127
392,115,67,124
393,115,67,127
392,114,68,126
389,114,67,126
387,112,67,121
387,113,71,121
385.5,112,67,123
385.5,113,73,123
383.5,111,73,127
381.5,108.5,68,127
381,110,73,136
383,108,70,131
382,108,76,134
381,106,75,134
378,107,75,131
379.5,104,72,136
377.5,104,77,135
378.5,107,72,134
377.5,104.5,79,136
374.5,105.5,72,137
373,105,75,142
374,102,74,141
375,105,80,144
374,103,78,137
372,104,78,144
373,102,78,143
371,101,75,144
370,104,77,145
371,103,77,142
370,103,78,139
373,107,79,140
372,106,82,143
371,108,75,141
373,106,81,145
372,108,79,144
374,107,81,146
376,111,80,141
376,111,81,142
378,113,78,142
380,112,82,140
381,115,81,141
379,113,75,144
381,114,81,140
379,117,76,143
380,117,75,141
378,122,73,140
376.5,124.5,78,140
376.5,124,72,134
377,127,69,129
375.5,129.5,68,127
374.5,131,70,129
373,133,65,126
373,132,66,128
369,132,71,128
370.5,136,71,119
369.5,137.5,64,122
365.5,137.5,68,123
366,137.5,67,118
366,135.5,67,118
366,136.5,61,121
366,135.5,65,114
366,137.5,67,118
365,137.5,62,116
361.5,134.5,66,122
360.5,133.5,68,118
359.5,132.5,64,122
359.5,131,66,121
357.5,133,69,124
355.5,132,70,119
352.5,133,69,121
351.5,133,68,120
353.5,132,70,122
352.5,130,66,121
345.5,129,70,126
346.5,131,69,122
342,131,69,128
338.5,127,69,129
337.5,126,66,124
336.5,127,73,124
333.5,128,70,123
328.5,124,72,126
325.5,122,68,123
326.5,122,69,127
322.5,122,72,127
320.5,119,70,128
320.5,120,68,124
320.5,118,67,124
317.5,115,72,128
319.5,115,72,128
318.5,116,69,124
315.5,117,66,126
317.5,117,69,123
315.5,117,71,129
317.5,118,69,126
318.5,117,71,130
316.5,114,71,130
318.5,114,69,129
317.5,115,72,129
321.5,114,66,126
322.5,113,72,123
324.5,113,67,124
324.5,113,70,126
325.5,113,69,125
329.5,114,73,129
329.5,113,68,123
331.5,111,69,130
337.5,111,68,125
339.5,114,68,128
340.5,113,73,129
342.5,112,73,128
346.5,111,68,130
350.5,108,66,124
349.5,109,72,128
352.5,108,72,129
355.5,108,68,124
355.5,107,68,130
358.5,108,66,124
358.5,107,67,124
361.5,106,73,124
362.5,104,67,127
363.5,104,67,126
363.5,103,73,124
365.5,102,71,129
366.5,100,69,130
366.5,98,72,125
367.5,99,66,124
367.5,101,66,124
367.5,100,70,125
366.5,100,70,124
367.5,100,66,126
366.5,101,68,124
366.5,101,69,128
365.5,101,73,125
368.5,100,73,128
368.5,101,71,125
367.5,102,70,127
365.5,101,71,130
364.5,103,69,129
364.5,102,68,127
365.5,104,69,123
366.5,106,66,125
364.5,106,67,128
365.5,104,70,124
363.5,103,73,124
365.5,103,72,129
365.5,106,67,127
362.5,106,71,128
365.5,104,71,124
365.5,103,71,130
366.5,102,66,127
367.5,103,72,125
365.5,102,73,125
369.5,101,73,123
369.5,103,73,128
371.5,101,71,130
373.5,104,70,127
374.5,105,73,128
375.5,105,73,123
379.5,105,71,124
383.5,108,73,129
386.5,107,72,124
389.5,112,73,124
390.5,112,67,126
394.5,112,66,127
398.5,113,72,126
400.5,111,71,129
397.5,110,71,127
395.5,109,66,125
394.5,109,68,124
392.5,109,70,125
391.5,108,67,129
385.5,105,70,130
383.5,103,66,127
381.5,106,67,129
374.5,103,70,128
370.5,104,66,123
364.5,106,71,130
361.5,109,67,123
357.5,112,66,128
349.5,112,67,125
345.5,115,70,126
338.5,116,73,123
334.5,116,72,129
329.5,115,66,124
324.5,113,67,128
323.5,113,71,126
320.5,111,70,124
315.5,107,67,124
316.5,106,72,124
312.5,104,66,127
313.5,101,66,126
312.5,99,66,129
309.5,103,69,129
309.5,103,72,124
310.5,106,66,129
306.5,107,69,125
306.5,107,73,123
306.5,110,72,124
308.5,111,66,129
305.5,111,72,124
305.5,110,70,123
306.5,108,67,127
308.5,106,70,125
309.5,101,69,124
310.5,100,72,126
311.5,95,71,130
314.5,93,70,124
312.5,88,72,129
314.5,86,66,125
314.5,82,68,124
311.5,78,71,126
308.5,77,71,130
307.5,77,68,123
306.5,75,67,129
306.5,78,68,125
303.5,76,67,129
303.5,81,72,125
299.5,83,69,125
298.5,87,72,124
296.5,88,70,128
294.5,90,73,130
289.5,88,70,125
286.5,85,70,123
283.5,86,72,123
279.5,81,69,128
280.5,80,68,129
277.5,76,66,126
277.5,74,72,130
278.5,72,66,125
282.5,69,73,128
281.5,67,67,126
286.5,64,71,128
285.5,66,69,124
288.5,63,73,129
292.5,67,71,127
291.5,68,69,130
294.5,71,67,129
296.5,73,66,123
296.5,74,67,127
299.5,77,70,128
298.5,79,70,123
298.5,76,69,127
299.5,75,68,128
298.5,72,68,127
295.5,71,71,129
295.5,66,73,125
297.5,66,69,123
294.5,64,73,129
294.5,61,72,124
294.5,60,73,126
294.5,58,70,124
293.5,57,68,130
290.5,57,67,126
288.5,56,70,130
287.5,58,66,129
