142,125,91,40
140,124,90,38
136,125,88,39
130,126,91,39
126,127,87,43
121,124,91,39
119,124,85,41
114,123,89,36
108,122,92,39
104,123,88,42
96,122,86,41
93,121,92,39
87,119,85,44
84,119,87,41
80,117,91,39
74,117,89,42
69,115,91,40
64,118,93,43
60,118,89,36
53,114,87,37
46,116,88,39
41,115,85,44
32,115,91,39
29,113,92,41
21,114,91,41
17,117,91,43
11,118,93,41
4,119,96,46
-2,120,86,44
-5,118,89,42
-13,121,84,41
-15,124,86,41
-15,124,96,41
-17,128,92,45
-15,130,95,43
-18,131,95,43
-17,129,96,45
-19,129,93,45
-16,128,93,39
-17,128,93,42
-22,128,96,41
0,143,89,40
8,138,92,39
52,162,96,45
118,167,95,38
117,166,91,37
109,173,95,42
97,177,90,39
94,175,88,43
93,174,93,39
90,171,97,43
86,168,95,43
85,168,101,40
84,166,96,45
84,165,98,39
87,166,96,44
85,161,96,42
90,159,102,43
88,158,98,39
90,156,104,44
90,154,101,43
93,155,100,40
97,155,101,41
96,154,99,45
98,155,99,47
103,151,97,48
105,152,97,45
108,152,97,42
104,157,95,46
101,153,95,43
95,159,99,44
95,159,95,43
91,157,101,45
88,159,103,42
78,145,92,46
72,134,91,45
59,116,90,39
58,119,91,38
61,118,94,44
60,121,91,45
58,120,90,42
57,122,96,39
59,123,94,38
57,125,95,44
56,124,94,41
57,125,97,42
56,125,95,40
56,125,90,38
57,129,93,43
59,130,92,44
59,130,91,42
59,132,90,41
57,133,95,43
57,135,93,44
55,131,89,43
56,136,93,39
53,133,93,39
59,138,97,45
57,139,96,45
60,139,92,43
64,141,95,39
64,139,92,40
65,143,98,46
66,141,94,40
69,144,97,39
74,145,94,39
75,145,101,45
82,145,95,45
85,149,98,42
89,149,96,39
96,149,92,39
98,151,97,42
104,150,88,40
107,152,94,41
108,151,94,41
117,153,89,45
118,155,95,41
122,156,94,40
127,155,90,41
129,156,99,39
137,159,94,39
138,158,96,45
145,159,98,45
147,160,93,41
151,160,98,42
154,161,92,41
161,162,91,41
162,164,94,37
168,164,95,39
172,163,91,39
174,164,96,39
175,164,98,45
184,164,94,45
187,169,93,46
190,167,94,46
194,171,96,39
197,168,97,40
203,171,97,39
202,170,93,43
206,169,97,44
202,172,95,45
205,173,99,43
207,174,90,39
210,177,91,43
210,176,92,41
211,177,93,39
214,177,90,41
215,179,95,42
212,178,93,37
213,180,87,43
213,182,93,43
210,183,90,43
209,185,87,38
209,183,90,47
208,186,93,41
206,188,88,39
205,189,92,43
204,188,88,45
204,190,92,44
206,192,91,40
202,193,91,44
205,192,86,46
203,196,80,43
202,195,88,47
200,197,82,45
198,194,86,50
198,195,85,42
199,195,81,41
197,197,78,45
196,196,81,45
195,194,81,43
194,193,86,42
194,192,87,44
189,191,87,39
188,191,85,42
188,189,84,46
189,186,87,45
184,187,88,45
185,185,92,40
184,182,89,42
182,182,90,41
181,180,87,42
178,178,91,42
178,178,95,48
175,177,91,45
172,176,88,45
172,173,95,44
171,172,96,47
169,170,91,47
169,170,95,43
169,168,93,47
169,165,88,43
167,167,89,46
162,165,89,44
162,164,92,41
163,163,86,43
159,160,89,46
160,159,86,44
157,162,87,48
155,156,87,49
158,160,81,41
156,158,86,42
150,158,88,40
151,157,90,45
150,152,92,46
152,152,84,41
147,152,90,39
149,152,85,44
146,151,81,36
143,151,84,36
142,152,88,44
142,148,83,38
141,149,86,40
138,145,89,45
136,147,91,42
133,144,88,42
135,145,85,41
128,146,87,39
129,144,82,39
131,144,82,41
129,144,85,35
128,143,86,35
126,145,91,42
122,144,89,41
121,142,88,43
119,141,94,42
118,142,89,39
119,142,87,44
114,140,95,46
111,140,90,48
111,139,87,48
107,140,89,42
105,140,94,45
104,138,95,48
104,139,93,44
99,138,89,45
96,139,100,41
96,140,96,42
92,141,102,44
92,140,94,45
95,141,94,40
96,139,94,41
96,139,94,45
99,139,92,42
105,137,92,40
110,139,95,39
110,138,91,45
115,135,96,43
117,136,92,43
121,135,89,46
125,133,89,41
129,130,97,45
133,130,94,48
135,130,97,45
137,129,101,45
139,128,98,41
139,127,102,50
149,125,94,50
147,125,95,41
155,124,99,45
156,125,97,44
159,124,94,45
165,121,93,42
165,123,101,46
170,121,100,42
174,118,98,47
178,118,93,42
175,118,96,40
176,120,94,46
180,120,98,40
178,122,99,41
182,122,97,46
176,123,103,45
177,122,98,43
173,121,95,41
170,126,101,41
172,126,96,42
164,129,101,47
163,129,106,48
162,130,100,47
157,131,102,43
159,135,98,49
154,138,105,49
153,140,102,45
146,142,97,46
149,145,98,44
142,147,100,43
142,148,100,44
140,148,94,40
141,149,94,43
138,147,97,44
138,145,96,41
134,146,93,39
134,144,93,41
132,142,92,41
128,139,93,47
127,139,96,43
122,138,97,45
121,134,98,51
121,135,98,42
116,133,96,48
116,131,98,45
111,132,94,42
110,127,97,45
111,128,95,41
108,126,95,46
106,128,92,41
107,127,89,47
109,128,97,44
109,129,93,44
107,131,96,48
111,128,98,42
109,130,93,46
113,130,89,41
113,129,94,42
112,129,97,43
118,127,94,44
119,129,93,45
121,130,95,40
127,129,92,47
131,129,89,40
133,126,93,40
138,126,96,43
138,124,95,40
141,122,93,44
144,119,94,47
148,118,100,43
149,116,98,48
150,114,95,45
154,110,100,39
156,106,99,45
154,107,98,44
158,105,94,46
155,105,94,44
158,107,98,39
160,106,98,43
161,110,92,45
159,110,95,41
159,108,96,40
161,109,100,46
160,111,97,41
161,114,101,46
160,114,92,43
164,112,93,46
163,116,94,42
161,113,98,44
165,114,96,49
166,116,94,49
171,117,86,44
167,118,93,43
167,119,89,47
166,120,92,48
168,122,90,46
166,121,89,44
167,120,95,41
165,122,97,45
166,124,99,47
167,121,102,44
164,121,98,44
165,121,98,41
167,125,94,41
170,124,98,45
172,125,98,45
169,126,94,41
170,122,93,47
172,125,92,44
173,125,98,45
169,125,97,41
170,124,101,43
167,126,97,46
166,124,94,45
167,126,94,47
162,127,102,43
159,125,100,47
154,128,103,47
153,128,101,44
153,125,95,48
149,129,101,46
148,129,96,43
148,126,101,46
146,126,102,46
142,127,99,44
139,126,103,40
137,126,98,42
134,129,97,43
133,128,97,44
132,128,101,43
127,129,100,43
124,129,105,46
122,129,101,41
122,127,101,49
120,128,98,44
117,127,98,48
113,127,101,47
111,130,101,47
112,126,104,43
105,130,102,47
100,128,110,48
100,130,108,45
96,128,102,44
96,127,101,47
92,129,103,45
89,128,101,49
91,130,100,45
87,131,103,45
86,129,101,44
82,130,103,45
78,131,104,46
76,132,104,46
74,129,102,44
70,132,103,41
65,129,102,48
64,131,107,50
59,135,105,40
58,129,107,45
56,130,101,45
51,134,100,47
51,134,104,42
49,132,105,41
47,132,99,43
49,132,101,41
44,134,96,46
41,131,102,47
40,135,99,45
36,131,100,41
34,132,101,39
35,134,100,39
35,134,97,39
32,133,97,43
28,132,98,46
26,133,101,41
23,133,98,47
18,132,104,42
19,131,99,40
18,129,96,45
17,128,95,42
10,128,102,40
10,128,100,42
6,124,104,48
6,124,99,46
7,122,99,46
8,123,99,42
6,121,98,43
7,121,97,46
10,116,101,42
10,117,100,46
12,114,98,42
12,112,105,46
15,108,103,44
14,108,98,42
14,105,101,48
10,107,107,45
12,105,104,48
14,103,103,49
14,105,104,45
15,104,103,43
14,105,102,43
16,105,98,41
19,107,103,43
21,106,101,42
17,106,102,46
20,108,104,47
16,109,100,47
20,112,99,44
21,113,101,42
21,111,97,46
22,113,103,41
20,116,103,46
26,117,98,46
23,117,101,47
25,120,106,44
29,120,101,42
29,122,98,50
29,123,102,45
32,124,104,46
31,126,103,50
31,126,104,49
30,128,102,44
32,129,102,44
34,128,98,44
36,132,105,43
39,133,104,49
39,134,104,48
42,134,100,48
41,136,98,48
42,137,100,44
45,136,101,42
47,139,97,43
47,141,97,43
48,138,97,43
50,141,103,44
51,143,95,46
53,144,97,47
51,145,103,47
53,148,97,46
55,149,102,44
54,149,107,50
56,149,105,50
54,148,103,49
54,150,104,47
57,151,102,45
55,152,106,43
65,152,99,47
68,153,98,46
70,154,93,49
72,156,90,47
70,157,96,47
72,156,89,48
73,159,89,45
75,158,90,47
75,159,92,46
64,151,96,51
48,153,93,48
54,155,102,48
66,152,87,50
66,153,99,47
82,154,103,49
82,155,104,53
87,159,107,50
98,159,101,51
100,160,110,45
113,159,106,45
113,159,109,50
128,157,98,45
106,162,102,46
78,170,99,48
90,167,92,50
91,165,98,54
87,168,100,52
94,165,108,52
95,168,101,48
98,165,103,51
93,163,97,52
96,161,99,54
98,156,103,53
104,158,99,56
104,152,97,53
115,156,99,55
117,154,100,53
108,155,97,54
98,152,115,61
106,155,90,59
109,153,92,57
111,152,98,52
114,150,99,55
123,148,93,54
128,147,103,56
123,149,105,54
119,147,103,57
121,145,102,56
121,145,94,49
119,144,102,55
125,141,107,52
123,140,98,60
117,136,97,56
124,136,93,52
118,136,96,54
110,135,104,52
112,136,103,56
120,136,110,51
113,139,106,53
112,138,110,57
119,136,112,58
115,137,112,50
117,137,114,51
109,138,115,52
100,141,112,51
93,143,111,44
86,141,103,50
81,141,108,50
79,138,109,50
83,137,107,46
80,137,110,49
78,137,106,53
78,137,115,45
74,135,107,51
76,134,107,48
75,134,102,50
72,133,107,47
71,134,107,51
69,132,103,46
67,133,105,49
65,131,107,46
64,128,103,49
61,131,101,48
60,127,98,52
62,127,101,47
60,131,100,45
59,130,104,43
59,127,95,43
58,129,97,48
56,129,99,43
55,127,101,44
53,124,105,45
51,126,101,45
48,125,97,46
49,125,98,43
42,123,100,49
45,122,106,44
41,124,108,43
40,121,106,48
39,121,100,51
36,122,109,50
33,119,106,51
33,121,109,45
32,123,104,48
33,123,105,47
31,121,107,47
36,120,101,45
39,122,107,53
40,120,108,52
46,119,104,46
48,120,103,50
57,118,102,46
59,120,101,44
66,119,99,44
68,119,99,50
72,116,97,46
77,117,99,47
81,118,96,50
88,118,94,46
91,116,105,49
93,116,100,46
96,114,101,45
98,111,101,46
99,114,99,45
102,110,99,51
103,113,100,44
104,112,100,44
108,112,98,49
106,110,101,51
111,112,97,50
111,112,97,45
115,112,99,51
117,112,95,49
117,112,101,46
119,112,106,45
121,112,99,45
125,110,100,52
123,113,99,49
126,110,102,46
128,111,98,51
129,110,97,46
132,113,103,44
135,111,98,43
138,110,96,47
139,109,98,45
141,110,97,49
141,110,98,47
137,111,99,47
130,108,105,45
122,109,107,50
119,107,95,47
114,110,95,46
112,106,94,45
110,106,90,51
106,108,94,52
96,105,88,48
88,106,91,46
86,105,93,44
90,107,94,49
97,104,99,48
111,104,99,47
124,103,104,45
139,101,110,47
150,100,107,45
169,102,109,49
179,99,108,48
189,98,107,45
193,99,102,50
199,97,96,46
204,97,102,45
207,94,101,46
206,95,103,50
217,95,109,50
175,78,105,52
173,80,107,55
180,78,103,50
189,77,108,56
190,80,114,58
195,88,114,52
207,81,118,56
217,80,111,54
219,77,108,59
214,76,111,55
175,91,113,53
185,93,98,55
193,94,97,54
196,93,100,51
196,97,101,53
195,96,110,49
200,94,103,52
197,95,105,48
196,93,107,52
198,95,110,52
197,97,108,51
197,95,104,47
197,94,105,51
197,94,109,50
194,94,102,51
197,95,101,46
194,92,104,47
193,93,105,52
193,93,98,47
195,93,100,44
192,95,101,50
193,94,106,47
192,94,100,44
195,93,103,48
191,92,105,46
195,95,100,47
192,91,97,43
189,93,103,44
189,92,95,50
187,92,98,46
181,93,98,47
179,95,98,48
176,94,104,46
169,96,99,49
167,96,98,51
165,95,99,43
166,96,102,51
155,98,104,50
151,96,101,46
145,96,98,46
136,101,107,49
129,97,100,51
117,102,111,53
111,99,102,50
111,101,107,52
99,101,108,47
96,104,104,52
90,103,107,49
80,105,105,48
73,104,101,46
72,108,107,49
72,111,103,45
70,110,101,47
70,111,100,49
70,110,107,48
75,112,98,47
77,110,98,46
77,112,105,46
77,113,101,49
75,112,107,48
80,110,104,48
81,112,99,48
84,110,103,49
89,112,103,46
86,109,99,45
90,109,98,50
90,113,100,51
95,113,99,49
95,113,101,50
98,115,102,51
95,116,105,48
99,115,101,47
103,115,103,48
105,115,105,49
109,115,104,49
109,118,105,46
113,117,101,46
115,119,96,47
115,120,97,52
119,116,102,49
123,118,99,51
123,120,97,53
125,120,102,45
127,119,98,46
129,117,102,45
132,116,96,49
138,117,101,55
140,118,96,55
139,117,97,57
129,111,103,58
134,112,98,54
121,105,106,58
122,106,112,58
128,108,112,62
134,106,112,56
135,105,113,64
140,101,113,57
139,104,114,62
138,106,112,60
136,109,116,58
135,105,113,58
112,117,108,55
107,112,107,53
107,114,108,51
109,113,104,55
103,111,101,51
101,112,105,51
100,111,106,49
96,111,109,50
92,112,105,48
88,109,104,48
89,112,100,49
85,110,106,45
83,112,106,51
76,111,100,54
79,110,99,47
76,112,103,47
75,112,105,49
74,107,101,52
74,110,103,46
70,110,106,50
70,110,105,53
70,110,101,53
71,107,100,47
71,110,107,49
67,108,106,52
66,110,101,50
66,107,103,49
69,109,100,56
71,109,100,51
75,108,95,53
75,106,93,52
78,107,87,50
72,107,89,53
68,110,86,51
62,107,96,46
57,108,95,46
55,109,94,48
51,110,98,48
52,109,99,45
45,110,101,47
45,108,96,47
37,109,102,46
39,108,101,49
41,110,95,50
37,108,95,51
36,108,99,51
39,110,95,44
39,111,100,45
39,110,95,48
38,107,100,52
37,109,98,50
35,108,99,52
36,109,99,44
38,110,99,50
39,110,94,50
37,109,96,48
36,110,95,51
40,108,94,50
41,111,93,50
39,108,94,49
39,111,99,49
37,110,94,45
41,109,97,46
35,108,100,51
37,110,104,51
37,108,100,50
34,110,98,54
35,109,104,47
36,108,97,50
35,110,105,51
35,111,101,48
33,110,99,49
33,111,102,53
30,107,97,54
31,108,102,52
28,109,99,47
30,109,101,48
27,111,99,50
27,112,99,52
30,112,101,51
27,110,99,53
27,111,95,48
26,111,101,53
25,110,95,48
24,110,99,52
21,113,101,52
20,111,98,53
23,112,103,48
18,112,95,52
20,110,95,52
22,112,98,47
24,112,97,48
29,115,99,46
31,112,95,50
30,113,92,44
31,113,98,44
33,116,98,48
36,115,97,52
39,114,95,49
38,114,95,47
41,113,98,46
46,111,97,47
42,111,97,54
44,110,102,45
47,113,100,46
44,113,101,48
51,112,102,46
51,114,97,48
51,114,108,47
54,112,100,50
57,112,102,47
60,114,100,48
60,113,96,52
63,114,99,47
62,112,97,46
64,114,95,53
69,116,97,51
66,115,94,53
71,114,100,46
70,116,98,46
73,113,96,53
72,116,102,48
70,112,103,50
76,116,103,49
77,114,101,46
78,115,101,50
75,116,99,51
77,114,103,52
78,116,103,53
78,116,106,52
88,115,98,49
85,118,104,51
83,115,104,52
90,117,96,48
90,118,93,47
92,117,91,50
94,118,93,48
96,119,96,48
98,119,94,47
100,118,94,48
101,119,100,46
101,123,98,43
103,121,94,49
104,120,97,48
109,119,94,48
108,124,93,44
108,120,93,49
108,121,99,48
110,123,100,46
112,122,93,45
113,125,98,46
113,122,93,53
121,125,92,51
119,123,93,48
122,124,92,49
122,126,95,52
121,127,95,47
124,124,96,51
125,124,95,50
