692,439,24,79
689,440,23,80
686,440,30,85
683,440,25,73
684,440,27,79
679,442,25,76
674,434,28,76
672,439,29,71
669,437,25,75
665,438,26,79
664,436,24,83
660,433,26,78
658,431,25,81
657,430,27,79
653,430,23,81
653,427,21,78
653,430,23,79
648,428,23,76
645,431,26,70
640,431,29,76
639,427,26,76
634,429,26,76
631,424,31,83
627,427,31,86
624,424,28,89
622,420,29,84
620,419,19,81
618,422,25,78
615,421,29,84
612,422,24,79
610,422,26,78
609,421,26,78
603,424,25,77
602,422,26,75
597,423,25,78
597,421,29,76
596,420,21,80
592,417,22,79
593,416,24,79
587,415,25,79
587,414,25,79
585,414,28,81
583,413,25,78
579,417,27,72
579,418,22,75
575,416,22,73
572,418,21,70
568,417,24,71
566,416,27,77
563,414,24,78
560,410,21,85
558,408,25,81
557,408,19,73
553,409,24,76
553,410,20,77
549,409,27,68
548,414,22,68
545,412,25,64
543,410,26,70
541,411,24,70
534,409,19,76
533,410,20,73
531,408,24,76
531,403,20,76
527,403,25,75
528,402,24,75
526,400,18,76
522,403,26,77
521,402,26,71
518,402,19,71
516,402,22,68
513,403,19,68
512,403,24,73
507,403,21,72
504,399,25,78
501,398,22,77
502,399,21,77
499,396,20,76
498,393,22,71
498,394,17,72
492,395,16,79
493,397,19,77
493,393,22,71
488,393,20,74
486,395,17,73
483,396,22,79
481,396,20,74
480,393,18,75
478,391,17,79
477,390,18,77
472,387,22,79
470,387,25,70
468,389,18,72
469,389,23,75
467,390,19,67
463,391,19,72
461,392,20,68
457,391,24,67
454,393,24,69
453,392,25,67
450,388,22,72
449,389,23,72
447,385,20,71
449,385,20,70
447,384,19,65
446,386,21,66
441,384,19,70
439,387,22,66
439,386,24,65
437,386,18,70
431,388,19,64
429,385,18,69
428,387,23,72
428,385,15,73
428,382,23,68
424,381,21,68
425,378,18,72
423,382,19,71
418,381,22,67
417,380,21,68
415,380,23,68
415,382,23,62
414,384,17,63
411,382,18,64
408,383,22,63
404,384,20,69
403,382,18,71
402,379,18,69
403,377,23,67
400,376,16,66
399,376,21,67
399,375,15,66
395,374,20,66
392,377,15,67
391,380,15,65
390,378,19,60
387,380,22,64
386,378,19,66
381,380,16,67
380,376,23,69
379,374,21,70
378,375,21,68
376,373,23,67
374,371,20,66
373,370,22,69
370,372,19,69
368,376,22,65
371,375,19,65
367,373,20,66
365,375,25,65
362,374,23,62
358,373,25,64
358,375,21,65
358,373,19,67
354,372,23,66
354,371,16,68
354,368,18,61
351,370,19,60
350,368,18,64
347,371,22,59
348,372,23,64
343,372,24,59
343,374,19,62
341,370,23,61
339,369,25,63
337,368,19,65
334,368,18,66
336,366,19,66
333,364,18,63
331,361,19,61
331,364,24,67
328,362,16,65
328,361,22,66
324,360,26,62
326,363,22,63
321,361,27,65
319,364,23,60
318,362,26,67
317,360,25,69
313,360,20,69
314,358,19,66
314,356,22,65
309,356,22,62
312,355,22,63
310,354,18,67
308,357,19,67
307,357,19,61
303,360,19,65
303,360,23,61
301,359,20,64
297,357,20,61
298,355,21,68
294,355,22,63
294,355,23,63
292,352,17,65
291,351,22,66
291,352,19,69
289,353,18,61
286,353,17,67
283,354,19,64
282,354,25,61
280,358,21,66
278,357,21,62
276,357,25,65
276,353,25,62
272,356,20,66
274,351,17,69
273,349,23,67
271,350,16,69
269,350,21,62
269,351,20,65
264,349,23,64
266,350,21,67
264,350,20,65
261,353,18,58
259,352,19,59
256,354,21,58
254,352,19,55
252,354,27,61
250,350,21,59
252,347,25,56
247,350,20,54
245,348,19,56
247,351,20,55
245,351,17,58
242,353,25,62
242,348,25,57
239,351,20,60
238,350,21,59
234,349,26,58
234,349,18,63
232,350,17,61
230,349,23,58
229,344,18,55
231,346,16,59
227,343,15,57
225,344,19,58
223,347,15,60
223,347,15,55
222,349,17,58
220,349,22,56
219,346,23,54
216,347,22,54
215,348,23,62
214,345,18,58
213,344,20,57
212,341,23,61
208,343,19,53
209,342,20,55
209,344,19,60
206,344,17,57
205,343,25,61
201,342,23,54
201,347,19,55
200,345,23,60
196,345,24,55
198,343,24,59
196,343,18,56
194,339,20,59
193,339,19,56
192,339,19,60
189,334,21,63
190,338,22,62
186,336,20,57
188,336,17,60
186,341,22,55
181,341,22,61
180,342,24,59
180,340,17,58
180,337,23,63
179,337,23,63
175,334,18,62
174,335,19,56
175,331,23,54
174,335,23,61
172,333,24,62
171,334,19,61
167,332,26,64
167,336,25,56
165,337,22,54
162,335,25,61
160,334,23,63
161,338,22,55
158,335,19,61
158,337,18,58
158,335,22,61
155,334,24,58
154,332,19,56
152,333,19,57
153,332,18,54
152,333,19,56
150,336,18,54
146,335,18,53
146,334,18,60
145,334,23,58
142,334,21,59
143,335,21,60
140,332,19,54
140,331,21,55
140,331,19,58
137,333,20,54
136,330,17,60
136,331,15,59
136,330,20,59
133,333,16,55
129,332,19,51
128,336,19,48
126,335,22,53
128,336,18,56
126,333,16,53
127,333,20,53
124,332,18,51
124,333,17,54
121,327,18,55
122,327,18,49
120,329,20,55
121,331,17,51
121,329,21,55
119,331,20,53
117,330,15,53
117,331,21,50
114,332,17,52
115,330,19,55
110,329,22,53
111,324,19,51
108,325,17,53
109,328,15,51
107,326,20,52
109,328,15,55
107,326,15,55
105,325,19,54
102,327,17,48
103,326,19,50
100,329,23,51
102,325,21,52
98,330,22,49
100,326,14,55
97,328,17,48
97,325,18,55
95,325,14,54
96,327,17,50
95,323,19,45
94,325,19,45
94,325,15,48
91,328,19,49
90,326,16,48
89,325,18,51
88,328,16,51
86,325,20,45
88,326,18,48
88,326,12,51
83,326,16,49
83,322,17,43
83,325,16,48
84,322,20,50
82,321,17,52
81,322,20,52
77,324,20,50
77,323,19,51
78,327,19,44
76,326,20,49
73,323,17,52
73,325,22,50
74,323,21,48
72,323,16,52
71,320,21,51
70,320,20,46
68,317,17,46
71,319,19,45
68,318,14,45
68,320,14,47
67,320,17,51
66,321,19,45
64,321,15,45
64,318,20,50
60,320,20,50
62,321,16,52
61,320,15,45
58,319,15,48
59,315,23,50
60,317,22,47
57,316,18,46
57,318,19,49
57,317,17,51
53,318,17,51
55,315,21,48
51,319,17,47
53,316,21,46
52,317,19,52
49,317,17,49
50,315,16,46
49,317,15,49
47,316,23,45
46,314,22,47
46,315,15,50
45,315,22,45
44,313,15,44
43,317,14,43
41,316,16,46
44,317,20,45
43,318,20,49
40,315,17,45
38,316,21,42
38,314,19,48
37,312,17,44
37,312,20,46
36,311,17,41
37,311,19,47
33,310,21,47
36,313,20,44
34,314,18,44
34,315,18,44
