0.035713
0.035713
0.035713
0.035713
0.035713
0.035713
0.035713
0.035713
0.035713
0.035713
0.035713
0.035713
0.035713
0.035713
0.035713
0.035713
0.035713
0.035713
0.035713
0.035713
0.035713
0.035713
0.035713
0.035713
0.035713
0.035713
0.035713
0.035713
0.035713
0.035713
0.035713
0.035713
0.035713
0.035713
0.035713
0.035713
0.035713
0.035713
0.035713
0.035713
0.035713
0.035713
0.035713
0.035713
0.035713
0.035713
0.035713
0.035713
0.035713
0.035713
0.035713
0.035713
0.035713
0.035713
0.035713
0.035713
0.035713
0.035713
0.035713
0.035713
0.035713
