0.0010836
0.0010836
0.0010836
0.0010836
0.0010836
0.0010836
0.0010836
0.0010836
0.0010836
0.0010836
0.0010836
0.0010836
0.0010836
0.0010836
0.0010836
0.0010836
0.0010836
0.0010836
0.0010836
0.0010836
0.0010836
0.0010836
0.0010836
0.0010836
0.0010836
0.0010836
0.0010836
0.0010836
0.0010836
0.0010836
0.0010836
0.0010836
0.0010836
0.0010836
0.0010836
0.0010836
0.0010836
0.0010836
0.0010836
0.0010836
0.0010836
0.0010836
0.0010836
0.0010836
0.0010836
0.0010836
0.0010836
0.0010836
0.0010836
0.0010836
0.0010836
0.0010836
0.0010836
0.0010836
0.0010836
0.0010836
0.0010836
0.0010836
0.0010836
0.0010836
0.0010836
0.0010836
0.0010836
