0.012749
0.012749
0.012749
0.012749
0.012749
0.012749
0.012749
0.012749
0.012749
0.012749
0.012749
0.012749
0.012749
0.012749
0.012749
0.012749
0.012749
0.012749
0.012749
0.012749
0.012749
0.012749
0.012749
0.012749
0.012749
0.012749
0.012749
0.012749
0.012749
0.012749
0.012749
0.012749
0.012749
0.012749
0.012749
0.012749
0.012749
0.012749
0.012749
0.012749
0.012749
0.012749
0.012749
0.012749
0.012749
0.012749
0.012749
0.012749
0.012749
0.012749
0.012749
0.012749
0.012749
0.012749
0.012749
0.012749
0.012749
0.012749
0.012749
0.012749
0.012749
0.012749
0.012749
