1
525.000000,58.000000,19.000000,19.000000
525.000000,64.000000,18.000000,18.000000
521.000000,82.000000,19.000000,19.000000
523.000000,94.000000,19.000000,19.000000
520.000000,106.000000,19.000000,19.000000
516.000000,120.000000,18.000000,18.000000
517.000000,128.000000,19.000000,19.000000
510.000000,141.000000,18.000000,18.000000
510.000000,156.000000,18.000000,18.000000
520.000000,166.000000,18.000000,18.000000
531.000000,174.000000,18.000000,18.000000
539.000000,182.000000,18.000000,18.000000
547.000000,188.000000,18.000000,18.000000
557.000000,196.000000,19.000000,19.000000
555.000000,192.000000,19.000000,19.000000
2
0
0
0
0
1
613.000000,269.000000,14.000000,14.000000
616.000000,266.000000,14.000000,14.000000
621.000000,265.000000,14.000000,14.000000
624.000000,267.000000,14.000000,14.000000
628.000000,268.000000,14.000000,14.000000
631.000000,269.000000,14.000000,14.000000
635.000000,272.000000,14.000000,14.000000
636.000000,272.000000,13.000000,13.000000
640.000000,274.000000,14.000000,14.000000
643.000000,271.000000,14.000000,14.000000
642.000000,268.000000,14.000000,14.000000
645.000000,267.000000,14.000000,14.000000
641.000000,268.000000,14.000000,14.000000
646.000000,272.000000,14.000000,14.000000
646.000000,275.000000,14.000000,14.000000
647.000000,279.000000,14.000000,14.000000
652.000000,277.000000,14.000000,14.000000
651.000000,279.000000,14.000000,14.000000
654.000000,280.000000,14.000000,14.000000
