1
741.000000,222.000000,82.000000,171.000000
741.000000,222.000000,81.000000,171.000000
758.000000,227.000000,80.000000,169.000000
764.000000,223.000000,81.000000,170.000000
764.000000,223.000000,80.000000,168.000000
778.000000,214.000000,80.000000,167.000000
778.000000,215.000000,79.000000,166.000000
796.000000,206.000000,78.000000,163.000000
798.000000,208.000000,79.000000,165.000000
798.000000,208.000000,79.000000,165.000000
808.000000,205.000000,81.000000,169.000000
815.000000,205.000000,82.000000,171.000000
814.000000,205.000000,82.000000,171.000000
826.000000,214.000000,82.000000,173.000000
831.000000,217.000000,81.000000,171.000000
831.000000,217.000000,81.000000,170.000000
2
0
0
0
0
1
885.000000,207.000000,66.000000,163.000000
896.000000,205.000000,66.000000,163.000000
903.000000,206.000000,66.000000,163.000000
910.000000,201.000000,66.000000,164.000000
910.000000,201.000000,66.000000,164.000000
923.000000,202.000000,66.000000,162.000000
929.000000,203.000000,66.000000,162.000000
934.000000,205.000000,66.000000,162.000000
934.000000,205.000000,65.000000,161.000000
943.000000,207.000000,66.000000,162.000000
946.000000,201.000000,65.000000,162.000000
950.000000,196.000000,66.000000,163.000000
950.000000,196.000000,66.000000,163.000000
955.000000,189.000000,66.000000,162.000000
958.000000,187.000000,66.000000,162.000000
960.000000,188.000000,66.000000,162.000000
960.000000,188.000000,66.000000,164.000000
959.000000,192.000000,67.000000,165.000000
958.000000,198.000000,68.000000,167.000000
957.000000,198.000000,68.000000,168.000000
958.000000,197.000000,68.000000,168.000000
958.000000,197.000000,68.000000,167.000000
964.000000,192.000000,68.000000,167.000000
968.000000,187.000000,67.000000,166.000000
973.000000,183.000000,68.000000,167.000000
974.000000,184.000000,68.000000,167.000000
974.000000,183.000000,68.000000,168.000000
979.000000,182.000000,68.000000,168.000000
983.000000,185.000000,68.000000,168.000000
986.000000,187.000000,68.000000,167.000000
989.000000,189.000000,68.000000,167.000000
994.000000,193.000000,68.000000,169.000000
1000.000000,197.000000,68.000000,168.000000
1002.000000,198.000000,68.000000,168.000000
1002.000000,198.000000,68.000000,167.000000
1009.000000,201.000000,67.000000,167.000000
1012.000000,200.000000,68.000000,167.000000
1016.000000,198.000000,68.000000,167.000000
1018.000000,196.000000,68.000000,167.000000
1019.000000,197.000000,68.000000,168.000000
1019.000000,203.000000,68.000000,169.000000
1018.000000,210.000000,69.000000,170.000000
1016.000000,211.000000,68.000000,169.000000
1019.000000,212.000000,68.000000,168.000000
1020.000000,216.000000,68.000000,167.000000
1018.000000,219.000000,68.000000,167.000000
1014.000000,220.000000,68.000000,168.000000
1008.000000,217.000000,68.000000,168.000000
1005.000000,215.000000,68.000000,169.000000
996.000000,213.000000,69.000000,169.000000
985.000000,212.000000,68.000000,169.000000
974.000000,209.000000,69.000000,170.000000
964.000000,204.000000,69.000000,169.000000
953.000000,199.000000,69.000000,169.000000
942.000000,196.000000,68.000000,169.000000
930.000000,196.000000,69.000000,170.000000
917.000000,198.000000,68.000000,169.000000
903.000000,201.000000,69.000000,170.000000
886.000000,205.000000,69.000000,170.000000
866.000000,212.000000,69.000000,171.000000
847.000000,211.000000,69.000000,170.000000
826.000000,207.000000,69.000000,169.000000
798.000000,205.000000,69.000000,170.000000
769.000000,206.000000,69.000000,171.000000
741.000000,202.000000,69.000000,171.000000
715.000000,194.000000,69.000000,170.000000
692.000000,186.000000,69.000000,171.000000
672.000000,180.000000,69.000000,171.000000
653.000000,177.000000,69.000000,171.000000
634.000000,177.000000,69.000000,172.000000
615.000000,178.000000,69.000000,171.000000
596.000000,183.000000,70.000000,172.000000
581.000000,182.000000,70.000000,172.000000
566.000000,185.000000,70.000000,172.000000
550.000000,185.000000,70.000000,173.000000
534.000000,187.000000,70.000000,173.000000
522.000000,190.000000,70.000000,174.000000
514.000000,193.000000,70.000000,173.000000
505.000000,191.000000,70.000000,172.000000
488.000000,192.000000,70.000000,173.000000
471.000000,194.000000,70.000000,173.000000
461.000000,197.000000,70.000000,173.000000
451.000000,196.000000,70.000000,173.000000
440.000000,191.000000,70.000000,172.000000
427.000000,192.000000,70.000000,172.000000
418.000000,201.000000,70.000000,173.000000
407.000000,211.000000,70.000000,173.000000
397.000000,212.000000,70.000000,172.000000
389.000000,206.000000,70.000000,172.000000
381.000000,203.000000,70.000000,172.000000
373.000000,210.000000,70.000000,173.000000
365.000000,214.000000,70.000000,173.000000
355.000000,215.000000,70.000000,174.000000
355.000000,215.000000,70.000000,174.000000
338.000000,215.000000,71.000000,175.000000
329.000000,214.000000,71.000000,176.000000
324.000000,217.000000,71.000000,175.000000
320.000000,220.000000,71.000000,174.000000
314.000000,219.000000,71.000000,175.000000
308.000000,224.000000,70.000000,173.000000
303.000000,225.000000,70.000000,173.000000
300.000000,224.000000,70.000000,172.000000
294.000000,228.000000,69.000000,170.000000
289.000000,225.000000,68.000000,169.000000
281.000000,226.000000,68.000000,168.000000
279.000000,230.000000,67.000000,166.000000
277.000000,229.000000,66.000000,164.000000
275.000000,221.000000,66.000000,163.000000
274.000000,217.000000,66.000000,163.000000
274.000000,217.000000,66.000000,163.000000
276.000000,219.000000,65.000000,162.000000
282.000000,226.000000,65.000000,160.000000
285.000000,228.000000,64.000000,159.000000
293.000000,228.000000,64.000000,158.000000
301.000000,234.000000,63.000000,156.000000
307.000000,238.000000,62.000000,154.000000
313.000000,238.000000,62.000000,154.000000
324.000000,243.000000,62.000000,154.000000
332.000000,244.000000,62.000000,153.000000
336.000000,243.000000,61.000000,152.000000
340.000000,238.000000,61.000000,151.000000
348.000000,229.000000,61.000000,150.000000
350.000000,230.000000,61.000000,150.000000
348.000000,235.000000,61.000000,150.000000
345.000000,240.000000,61.000000,151.000000
343.000000,243.000000,61.000000,150.000000
341.000000,245.000000,61.000000,150.000000
342.000000,254.000000,61.000000,150.000000
342.000000,257.000000,61.000000,150.000000
339.000000,261.000000,61.000000,150.000000
340.000000,263.000000,61.000000,149.000000
341.000000,263.000000,60.000000,149.000000
345.000000,267.000000,60.000000,149.000000
348.000000,266.000000,61.000000,150.000000
348.000000,263.000000,61.000000,150.000000
350.000000,264.000000,61.000000,150.000000
351.000000,261.000000,61.000000,150.000000
351.000000,260.000000,61.000000,151.000000
354.000000,260.000000,61.000000,151.000000
357.000000,256.000000,61.000000,151.000000
362.000000,252.000000,61.000000,151.000000
368.000000,251.000000,62.000000,152.000000
372.000000,250.000000,62.000000,152.000000
376.000000,252.000000,62.000000,153.000000
381.000000,256.000000,62.000000,153.000000
388.000000,256.000000,62.000000,153.000000
390.000000,251.000000,63.000000,155.000000
394.000000,250.000000,63.000000,155.000000
401.000000,248.000000,63.000000,155.000000
403.000000,245.000000,63.000000,157.000000
406.000000,242.000000,64.000000,157.000000
413.000000,242.000000,63.000000,156.000000
419.000000,241.000000,64.000000,157.000000
423.000000,241.000000,64.000000,158.000000
428.000000,238.000000,64.000000,159.000000
433.000000,243.000000,64.000000,159.000000
437.000000,250.000000,65.000000,160.000000
445.000000,251.000000,64.000000,157.000000
442.000000,253.000000,64.000000,159.000000
446.000000,253.000000,65.000000,160.000000
450.000000,254.000000,65.000000,160.000000
451.000000,255.000000,65.000000,161.000000
453.000000,255.000000,65.000000,161.000000
458.000000,252.000000,65.000000,161.000000
460.000000,251.000000,65.000000,161.000000
463.000000,246.000000,66.000000,164.000000
464.000000,242.000000,66.000000,164.000000
466.000000,242.000000,66.000000,164.000000
469.000000,243.000000,66.000000,163.000000
473.000000,246.000000,66.000000,162.000000
477.000000,247.000000,65.000000,161.000000
479.000000,248.000000,65.000000,161.000000
483.000000,250.000000,65.000000,161.000000
492.000000,255.000000,65.000000,160.000000
496.000000,254.000000,64.000000,158.000000
499.000000,252.000000,64.000000,158.000000
501.000000,253.000000,64.000000,159.000000
506.000000,253.000000,64.000000,157.000000
