0.028828
0.028828
0.028828
0.028828
0.028828
0.028828
0.028828
0.028828
0.028828
0.028828
0.028828
0.028828
0.028828
0.028828
0.028828
0.028828
0.028828
0.028828
0.028828
0.028828
0.028828
0.028828
0.028828
0.028828
0.028828
0.028828
0.028828
0.028828
0.028828
0.028828
0.028828
0.028828
0.028828
0.028828
0.028828
0.028828
0.028828
0.028828
0.028828
0.028828
0.028828
0.028828
0.028828
0.028828
0.028828
0.028828
0.028828
0.028828
0.028828
0.028828
0.028828
0.028828
0.028828
0.028828
0.028828
0.028828
0.028828
0.028828
0.028828
0.028828
0.028828
0.028828
0.028828
0.028828
0.028828
0.028828
0.028828
0.028828
0.028828
0.028828
0.028828
0.028828
0.028828
0.028828
0.028828
0.028828
