0.00092842
0.00092842
0.00092842
0.00092842
0.00092842
0.00092842
0.00092842
0.00092842
0.00092842
0.00092842
0.00092842
0.00092842
0.00092842
0.00092842
0.00092842
0.00092842
0.00092842
0.00092842
0.00092842
0.00092842
0.00092842
0.00092842
0.00092842
0.00092842
0.00092842
0.00092842
0.00092842
0.00092842
0.00092842
0.00092842
0.00092842
0.00092842
0.00092842
0.00092842
0.00092842
0.00092842
0.00092842
0.00092842
0.00092842
0.00092842
0.00092842
0.00092842
0.00092842
0.00092842
0.00092842
0.00092842
0.00092842
0.00092842
0.00092842
0.00092842
0.00092842
0.00092842
0.00092842
0.00092842
0.00092842
0.00092842
0.00092842
0.00092842
0.00092842
0.00092842
0.00092842
