0.035703
0.035703
0.035703
0.035703
0.035703
0.035703
0.035703
0.035703
0.035703
0.035703
0.035703
0.035703
0.035703
0.035703
0.035703
0.035703
0.035703
0.035703
0.035703
0.035703
0.035703
0.035703
0.035703
0.035703
0.035703
0.035703
0.035703
0.035703
0.035703
0.035703
0.035703
0.035703
0.035703
0.035703
0.035703
0.035703
0.035703
0.035703
0.035703
0.035703
0.035703
0.035703
0.035703
0.035703
0.035703
0.035703
0.035703
0.035703
0.035703
0.035703
0.035703
0.035703
0.035703
0.035703
0.035703
0.035703
0.035703
0.035703
0.035703
0.035703
0.035703
