0.00066612
0.00066612
0.00066612
0.00066612
0.00066612
0.00066612
0.00066612
0.00066612
0.00066612
0.00066612
0.00066612
0.00066612
0.00066612
0.00066612
0.00066612
0.00066612
0.00066612
0.00066612
0.00066612
0.00066612
0.00066612
0.00066612
0.00066612
0.00066612
0.00066612
0.00066612
0.00066612
0.00066612
0.00066612
0.00066612
0.00066612
0.00066612
0.00066612
0.00066612
0.00066612
0.00066612
0.00066612
0.00066612
0.00066612
0.00066612
0.00066612
0.00066612
0.00066612
0.00066612
0.00066612
0.00066612
0.00066612
0.00066612
0.00066612
0.00066612
0.00066612
0.00066612
0.00066612
0.00066612
0.00066612
0.00066612
0.00066612
0.00066612
0.00066612
0.00066612
0.00066612
