1
189.000000,352.000000,53.000000,105.000000
195.000000,352.000000,54.000000,107.000000
201.000000,352.000000,54.000000,108.000000
213.000000,356.000000,54.000000,107.000000
223.000000,356.000000,54.000000,108.000000
234.000000,356.000000,54.000000,108.000000
242.000000,354.000000,57.000000,113.000000
254.000000,358.000000,57.000000,114.000000
266.000000,358.000000,57.000000,114.000000
280.000000,361.000000,57.000000,115.000000
295.000000,363.000000,58.000000,116.000000
308.000000,362.000000,59.000000,118.000000
324.000000,363.000000,60.000000,120.000000
338.000000,363.000000,61.000000,122.000000
355.000000,364.000000,62.000000,124.000000
371.000000,364.000000,63.000000,126.000000
386.000000,367.000000,64.000000,128.000000
400.000000,371.000000,65.000000,130.000000
410.000000,375.000000,65.000000,130.000000
419.000000,374.000000,65.000000,131.000000
450.000000,380.000000,64.000000,129.000000
457.000000,375.000000,65.000000,130.000000
459.000000,373.000000,65.000000,131.000000
466.000000,360.000000,66.000000,132.000000
477.000000,358.000000,67.000000,134.000000
508.000000,357.000000,68.000000,136.000000
526.000000,373.000000,69.000000,139.000000
538.000000,365.000000,71.000000,143.000000
537.000000,363.000000,73.000000,145.000000
541.000000,364.000000,72.000000,144.000000
490.000000,390.000000,72.000000,143.000000
526.000000,406.000000,72.000000,143.000000
499.000000,375.000000,71.000000,142.000000
544.000000,287.000000,72.000000,145.000000
562.000000,278.000000,72.000000,145.000000
611.000000,344.000000,73.000000,147.000000
626.000000,396.000000,74.000000,148.000000
610.000000,401.000000,75.000000,150.000000
598.000000,406.000000,75.000000,151.000000
2
0
0
0
0
1
630.000000,185.000000,143.000000,251.000000
649.000000,141.000000,139.000000,244.000000
659.000000,157.000000,138.000000,243.000000
562.000000,268.000000,143.000000,251.000000
496.000000,249.000000,145.000000,253.000000
469.000000,252.000000,145.000000,254.000000
434.000000,265.000000,144.000000,252.000000
406.000000,269.000000,144.000000,253.000000
2
0
0
0
0
1
564.000000,199.000000,149.000000,186.000000
605.000000,221.000000,148.000000,184.000000
569.000000,244.000000,145.000000,181.000000
584.000000,295.000000,144.000000,179.000000
555.000000,256.000000,145.000000,181.000000
552.000000,259.000000,143.000000,179.000000
581.000000,300.000000,144.000000,179.000000
618.000000,286.000000,147.000000,183.000000
688.000000,264.000000,144.000000,180.000000
598.000000,323.000000,141.000000,176.000000
616.000000,370.000000,139.000000,173.000000
613.000000,375.000000,140.000000,174.000000
704.000000,391.000000,140.000000,174.000000
681.000000,395.000000,145.000000,181.000000
613.000000,432.000000,145.000000,181.000000
654.000000,379.000000,143.000000,179.000000
671.000000,379.000000,144.000000,180.000000
689.000000,481.000000,145.000000,181.000000
662.000000,384.000000,144.000000,180.000000
663.000000,376.000000,145.000000,182.000000
663.000000,373.000000,145.000000,181.000000
652.000000,379.000000,145.000000,181.000000
644.000000,371.000000,146.000000,182.000000
642.000000,378.000000,146.000000,182.000000
643.000000,379.000000,146.000000,182.000000
644.000000,378.000000,145.000000,181.000000
642.000000,378.000000,144.000000,180.000000
642.000000,378.000000,143.000000,178.000000
642.000000,376.000000,144.000000,180.000000
641.000000,374.000000,145.000000,181.000000
642.000000,373.000000,145.000000,181.000000
642.000000,372.000000,143.000000,179.000000
642.000000,371.000000,143.000000,179.000000
641.000000,369.000000,143.000000,179.000000
639.000000,371.000000,144.000000,180.000000
638.000000,371.000000,144.000000,180.000000
636.000000,369.000000,143.000000,179.000000
636.000000,369.000000,143.000000,179.000000
636.000000,369.000000,143.000000,179.000000
635.000000,368.000000,144.000000,180.000000
637.000000,368.000000,143.000000,179.000000
637.000000,367.000000,143.000000,179.000000
638.000000,366.000000,144.000000,179.000000
640.000000,366.000000,144.000000,179.000000
640.000000,367.000000,144.000000,179.000000
640.000000,366.000000,143.000000,179.000000
640.000000,368.000000,143.000000,179.000000
642.000000,368.000000,143.000000,178.000000
642.000000,368.000000,142.000000,177.000000
644.000000,366.000000,142.000000,177.000000
642.000000,367.000000,141.000000,176.000000
641.000000,368.000000,141.000000,177.000000
639.000000,368.000000,141.000000,176.000000
637.000000,366.000000,141.000000,176.000000
632.000000,367.000000,142.000000,178.000000
632.000000,368.000000,142.000000,177.000000
630.000000,362.000000,142.000000,177.000000
632.000000,361.000000,142.000000,177.000000
