0.00078804
0.00078804
0.00078804
0.00078804
0.00078804
0.00078804
0.00078804
0.00078804
0.00078804
0.00078804
0.00078804
0.00078804
0.00078804
0.00078804
0.00078804
0.00078804
0.00078804
0.00078804
0.00078804
0.00078804
0.00078804
0.00078804
0.00078804
0.00078804
0.00078804
0.00078804
0.00078804
0.00078804
0.00078804
0.00078804
0.00078804
0.00078804
0.00078804
0.00078804
0.00078804
0.00078804
0.00078804
0.00078804
0.00078804
0.00078804
0.00078804
0.00078804
0.00078804
0.00078804
0.00078804
0.00078804
0.00078804
0.00078804
0.00078804
0.00078804
0.00078804
0.00078804
0.00078804
0.00078804
0.00078804
0.00078804
0.00078804
0.00078804
0.00078804
0.00078804
0.00078804
0.00078804
0.00078804
0.00078804
0.00078804
0.00078804
0.00078804
0.00078804
0.00078804
0.00078804
0.00078804
0.00078804
0.00078804
0.00078804
0.00078804
0.00078804
