0.00060848
0.00060848
0.00060848
0.00060848
0.00060848
0.00060848
0.00060848
0.00060848
0.00060848
0.00060848
0.00060848
0.00060848
0.00060848
0.00060848
0.00060848
0.00060848
0.00060848
0.00060848
0.00060848
0.00060848
0.00060848
0.00060848
0.00060848
0.00060848
0.00060848
0.00060848
0.00060848
0.00060848
0.00060848
0.00060848
0.00060848
0.00060848
0.00060848
0.00060848
0.00060848
0.00060848
0.00060848
0.00060848
0.00060848
0.00060848
0.00060848
0.00060848
0.00060848
0.00060848
0.00060848
0.00060848
0.00060848
0.00060848
0.00060848
0.00060848
0.00060848
0.00060848
0.00060848
0.00060848
0.00060848
0.00060848
0.00060848
0.00060848
0.00060848
0.00060848
0.00060848
0.00060848
0.00060848
0.00060848
0.00060848
0.00060848
0.00060848
0.00060848
0.00060848
0.00060848
0.00060848
0.00060848
0.00060848
0.00060848
0.00060848
0.00060848
