0.033309
0.033309
0.033309
0.033309
0.033309
0.033309
0.033309
0.033309
0.033309
0.033309
0.033309
0.033309
0.033309
0.033309
0.033309
0.033309
0.033309
0.033309
0.033309
0.033309
0.033309
0.033309
0.033309
0.033309
0.033309
0.033309
0.033309
0.033309
0.033309
0.033309
0.033309
0.033309
0.033309
0.033309
0.033309
0.033309
0.033309
0.033309
0.033309
0.033309
0.033309
0.033309
0.033309
0.033309
0.033309
0.033309
0.033309
0.033309
0.033309
0.033309
0.033309
0.033309
0.033309
0.033309
0.033309
0.033309
0.033309
0.033309
0.033309
0.033309
0.033309
0.033309
0.033309
0.033309
0.033309
0.033309
0.033309
0.033309
0.033309
0.033309
0.033309
0.033309
0.033309
0.033309
0.033309
0.033309
